property no 0
Initial sparsity 70
Optimal Sparsity 1
zero indices tensor([62, 80, 20, 78, 73, 69, 25, 67, 30, 99, 55, 53,  0, 37, 49, 39, 40, 48,
        83, 82, 86, 90, 91,  2, 96, 92, 93,  5,  6, 94])
Indices prune tensor([12, 46, 66, 44, 98, 26,  7, 71, 41, 56, 85, 68,  9, 57, 50, 13,  4, 16,
        84, 87, 81, 21,  8, 59, 43, 76, 97, 63, 33, 29, 74, 89, 10, 61,  3, 42,
        45, 77, 79, 36, 64, 88, 58, 19, 27, 47, 54, 51, 35, 28, 75, 31, 72, 18,
        17, 65, 22, 38, 11, 60, 34, 15, 23, 24, 95, 52, 32,  1, 14])
Remaining indices tensor([70])
property no 13
Initial sparsity 63
Optimal Sparsity 1
zero indices tensor([75, 25, 27, 31, 38, 46, 50, 63, 66, 67, 69, 73, 74,  1, 78, 79, 82, 84,
        86, 88, 89, 90, 91, 93, 98,  3, 13, 10,  8,  7,  6,  5,  4, 20,  2, 21,
         0])
Indices prune tensor([43, 42, 45, 95, 87, 16, 34, 53, 41, 92, 48, 94, 85, 35, 83,  9, 30, 64,
        37, 28, 29, 61, 56, 54, 24, 12, 62, 33, 71, 19, 70, 55, 68, 44, 36, 96,
        26, 58, 40, 81, 22, 76, 17, 51, 99, 39, 47, 59, 11, 65, 72, 18, 57, 14,
        23, 49, 77, 32, 15, 97, 52, 80])
Remaining indices tensor([60])
property no 15
Initial sparsity 75
Optimal Sparsity 3
zero indices tensor([67, 34, 38, 30, 40, 43, 49, 53, 58, 22, 64, 66, 69, 72, 82, 83, 99, 84,
         2,  3, 93, 87,  5,  6,  7])
Indices prune tensor([71, 24, 62, 90, 45, 35, 86, 63, 50,  9, 31, 92, 25, 73, 74, 13, 44, 18,
        65, 68, 56, 80, 77, 75, 55, 47, 91, 28, 85, 12, 27, 98,  4, 78, 26, 11,
        39, 79, 51, 95, 17, 14, 94,  8, 48, 60, 36, 61, 88, 32, 10, 41, 76, 97,
         1, 20, 42, 52, 96, 57, 16, 33, 15, 59, 70, 23, 46, 89, 29, 54, 19,  0])
Remaining indices tensor([37, 81, 21])
property no 20
Initial sparsity 68
Optimal Sparsity 4
zero indices tensor([67, 21, 78, 25, 74, 29, 30, 32, 73, 69, 37, 27, 62, 60, 45, 47,  0, 57,
        55, 53, 54,  9, 88,  4,  5, 81, 20, 84, 16, 82,  6, 93])
Indices prune tensor([46, 31,  1,  7, 23, 58, 12, 28, 41, 68, 19, 70,  2, 13, 35, 83, 61, 79,
        48,  3, 59, 76, 50, 71, 89, 72, 87, 86, 90, 95, 18, 17, 11, 77, 10, 97,
        38,  8, 91, 24, 92, 34, 14, 43, 94, 66, 44, 39, 96, 26, 36, 40, 22, 15,
        33, 85, 75, 99, 42, 52, 51, 64, 63, 49])
Remaining indices tensor([80, 65, 98, 56])
property no 23
Initial sparsity 76
Optimal Sparsity 6
zero indices tensor([24, 48, 49, 46, 42, 53, 38, 36, 35, 55, 33, 27, 69, 20, 70, 72,  9, 79,
        86, 13, 93, 82,  5,  6])
Indices prune tensor([37,  1, 25, 74, 43, 95, 60, 58, 31, 56, 71, 45,  4, 68, 57, 61, 80, 44,
        51, 66, 54, 10, 90, 19, 99, 84, 75, 92, 62, 85, 23, 83, 47, 40,  3, 26,
        76, 97,  0,  7, 15, 88, 94, 50, 64, 18, 52,  2, 29, 65, 77, 12, 67, 16,
        81, 73, 78, 41, 91, 63, 34, 96, 21, 22, 11, 98, 14, 28,  8, 32])
Remaining indices tensor([17, 30, 39, 59, 87, 89])
property no 28
Initial sparsity 66
Optimal Sparsity 17
zero indices tensor([70, 47, 20, 21, 66, 42, 40, 69, 83, 63, 28, 37, 36, 31, 32, 75, 74, 72,
        97,  1,  2,  3,  4,  5,  6,  7,  8, 58, 11, 57, 93, 91, 53, 62])
Indices prune tensor([54, 79, 95, 84, 23, 41, 56, 82, 10, 64, 22, 13, 90, 46, 87, 60, 48, 25,
        88, 55, 68, 51, 19, 27, 65, 50, 26,  9, 96, 77, 59, 81, 15, 67, 35, 85,
        30, 92, 94, 49, 80, 17, 86, 24, 99, 14, 43, 29, 61])
Remaining indices tensor([44, 73, 71,  0, 12, 78, 33, 98, 16, 34, 52, 45, 76, 39, 18, 38, 89])
property no 29
Initial sparsity 75
Optimal Sparsity 2
zero indices tensor([99, 37, 62, 63, 33, 69, 43, 54, 78, 79, 45, 83, 85, 86, 12,  2, 90,  3,
        95, 53, 48, 49,  5,  6, 13])
Indices prune tensor([64, 26, 38, 16, 68, 47, 73, 24, 40, 81, 72, 82, 52, 94, 10, 36, 55, 30,
        93, 20, 61, 74, 23, 91, 56, 50, 71, 92, 42, 75, 46, 31, 57,  0,  9, 25,
        87, 66, 18, 34, 60,  8, 28, 51, 67, 59,  4, 35, 84, 15, 76,  7, 88, 29,
        96, 65, 89, 44, 97, 80, 77, 58, 22, 17, 19,  1, 41, 39, 11, 70, 14, 21,
        27])
Remaining indices tensor([32, 98])
property no 34
Initial sparsity 69
Optimal Sparsity 1
zero indices tensor([35, 20, 21, 83, 27, 28, 29, 30, 31, 75,  1, 69, 40, 64, 63, 61, 47, 58,
        55, 53, 19,  7,  9,  6, 10, 11,  5, 91, 13, 14, 93])
Indices prune tensor([97, 60, 86, 77, 66, 22,  8, 25, 43, 56, 51, 88, 23, 67, 84, 90, 74, 32,
        70,  0, 54, 85,  4, 50, 57, 81, 48, 26,  2, 87, 68, 52, 38, 49, 98, 82,
        34, 59, 65, 79, 95, 71,  3, 46, 37, 62, 76, 96, 17, 24, 73, 99, 39, 92,
        42, 36, 41, 45, 18, 16, 72, 94, 12, 80, 33, 15, 44, 78])
Remaining indices tensor([89])
property no 38
Initial sparsity 71
Optimal Sparsity 9
zero indices tensor([32, 53, 19, 21, 49, 47, 84, 29, 46, 20, 81, 69, 35, 36, 37, 82, 39, 55,
         5,  6,  7, 58, 60,  9, 57, 93, 91, 54, 90])
Indices prune tensor([70, 71, 63, 52, 24,  2, 16, 79, 85, 11, 64, 48, 33, 27, 10,  4, 97, 61,
        13, 77, 26, 68, 31, 25, 38, 23, 65, 15, 56, 72, 96, 59, 86, 74, 83, 99,
        34, 80,  1, 51, 78, 45, 92, 73, 88, 44, 43,  3, 22,  0, 12, 50, 89, 76,
        67, 30, 98, 41, 17, 66, 42, 14])
Remaining indices tensor([40, 28, 62, 95,  8, 75, 87, 18, 94])
property no 41
Initial sparsity 65
Optimal Sparsity 5
zero indices tensor([27, 56, 55, 53, 90, 23, 49, 25, 48, 57, 44, 41, 40, 91, 94, 33, 37, 93,
        75, 85, 83, 81, 78,  5,  6,  7, 76, 10, 86, 73, 13, 69, 68, 62, 95])
Indices prune tensor([43,  9,  4,  8, 59, 21, 84, 64, 67, 66,  2, 31,  3, 18, 26, 89, 63, 99,
        70, 34, 82, 45,  0, 29, 20, 16, 22, 54, 28, 77, 30, 98, 47, 88, 42, 12,
        51, 72, 24, 92, 97, 87, 60, 80, 79, 46, 36, 96, 71, 19, 50, 15, 61,  1,
        11, 52, 32, 38, 65, 14])
Remaining indices tensor([17, 35, 58, 74, 39])
property no 42
Initial sparsity 55
Optimal Sparsity 2
zero indices tensor([56, 30, 31, 85, 82, 39, 40, 45, 46, 50, 51, 79, 54, 55,  0, 57, 58, 78,
        60, 62, 63, 64, 77, 67, 68, 69, 70, 73, 86, 14, 13, 93, 97, 20, 21, 22,
         8,  7, 89, 27, 26,  2,  4,  5,  6])
Indices prune tensor([10,  9, 11, 47, 53, 41, 95, 96, 18, 83, 49, 29, 71, 61, 37, 35, 92, 91,
         3, 32, 81, 16, 66, 48, 44, 43, 72, 84,  1, 74, 65, 90, 24, 12, 28, 88,
        99, 94, 36, 33, 87, 98, 38, 25, 15, 75, 76, 59, 52, 80, 23, 34, 19])
Remaining indices tensor([42, 17])
property no 45
Initial sparsity 75
Optimal Sparsity 13
zero indices tensor([59, 63, 67, 39, 38, 69, 35, 71, 32, 29, 73, 27, 25, 74, 53, 21, 16,  5,
         6, 87, 82, 56, 13, 98, 78])
Indices prune tensor([19, 79,  3, 18, 51, 26, 34, 50, 61, 58, 70, 60, 62, 88, 55, 14, 66, 46,
         0, 77, 44,  9, 75, 22, 65, 12, 43, 45, 96, 64, 30, 20, 31, 49, 99, 93,
        86, 68, 36,  7, 57, 10, 76, 24,  2, 97, 95, 48, 54, 85, 15, 42, 17, 37,
        52, 72,  4, 23, 28, 91, 47, 40])
Remaining indices tensor([92,  1, 84, 41, 11, 83, 89, 33, 94, 90, 80, 81,  8])
property no 50
Initial sparsity 58
Optimal Sparsity 4
zero indices tensor([79, 93, 28, 31, 32, 91, 35, 36, 37, 39, 40, 41, 82, 81, 98, 47, 51, 54,
        56, 57, 58, 60, 61, 63, 69, 67, 68, 26, 10,  2,  9, 11, 22,  8, 21, 20,
         7, 13,  6,  4,  5, 96])
Indices prune tensor([95, 73, 55, 70, 97, 65,  3, 19, 38, 34, 23, 78, 29, 25, 24, 14, 84, 64,
        83, 44, 17, 18, 88, 90, 75, 59, 85, 52, 62, 74, 43, 45, 48, 50, 86, 77,
        30, 42, 66, 53, 72, 49, 46,  1, 99, 71, 87, 16, 80, 12, 15, 94,  0, 33])
Remaining indices tensor([92, 76, 89, 27])
property no 54
Initial sparsity 67
Optimal Sparsity 2
zero indices tensor([66, 75, 23, 25, 27, 32, 34, 35, 69, 38, 39, 98, 43, 45, 63, 49, 51, 61,
        53, 59, 58, 78, 91, 77, 87,  8, 13, 14,  6,  5, 17, 93, 19])
Indices prune tensor([83, 30, 46, 16, 71,  2, 70, 31, 40,  7, 36, 55, 54, 60, 92, 29, 64, 67,
         3, 84, 28, 47, 73, 50, 82, 99, 52, 10, 96, 62, 48, 42, 68,  1, 80, 86,
        76, 18,  9, 41, 44, 72, 65, 24, 97, 26, 11, 94, 21, 90, 85, 15, 57, 33,
        74, 12, 79, 56, 88, 22, 95, 81,  0,  4, 20])
Remaining indices tensor([37, 89])
property no 55
Initial sparsity 72
Optimal Sparsity 1
zero indices tensor([34, 58, 59, 55, 61, 25, 63, 54, 22, 64, 69, 71, 32, 75, 14, 13, 37, 78,
        38, 83,  8,  7,  6,  5, 87,  3, 91, 39])
Indices prune tensor([74, 40, 42, 35, 23, 51, 10, 60, 76, 99, 73, 77,  1, 43, 31, 85, 28, 20,
        11, 65, 41, 26, 29, 96, 46, 30, 93, 84, 90, 21,  9, 18, 70, 48, 16, 56,
        53, 49, 50, 36, 82, 62, 98, 57, 97, 52, 92, 86, 45,  2, 24, 94, 47, 80,
        15, 88, 67, 44, 17, 27, 81, 33,  0, 79, 68, 95, 12,  4, 72, 89, 19])
Remaining indices tensor([66])
property no 56
Initial sparsity 55
Optimal Sparsity 1
zero indices tensor([55, 30, 31, 32, 35, 37, 38, 41, 42, 89, 44, 46, 48, 50, 54, 40, 56, 57,
        86, 85, 84, 62, 82, 66, 67, 69, 73, 78, 79,  7, 10, 97, 93,  8, 18, 20,
        21, 22,  6, 94,  0, 27, 25,  5,  4])
Indices prune tensor([92, 95, 87, 45, 53, 76, 96, 16,  3, 83, 63, 13, 75, 88, 15,  2, 19, 34,
        28, 26, 77, 12, 90, 68, 91, 71, 14, 72, 74, 24, 65, 51, 81, 47,  1, 39,
        29, 33, 70, 43, 58, 59, 23, 36, 11, 98, 17, 99, 61,  9, 49, 64, 52, 60])
Remaining indices tensor([80])
property no 60
Initial sparsity 76
Optimal Sparsity 1
zero indices tensor([37, 18, 20, 84, 24, 83, 79, 32, 33,  0, 73, 71, 69, 43, 45, 66, 53, 60,
        94, 15,  6,  3,  5, 12])
Indices prune tensor([36, 16, 29, 44, 48, 13, 89, 96,  2, 99, 62, 49, 87, 76, 95, 34, 47, 72,
        30, 26, 90, 81, 68, 51, 93, 23, 85, 41, 28, 10,  1, 40, 38, 50,  8, 82,
         7, 55, 19, 77, 54, 86,  4, 91, 11, 31, 17,  9, 25, 78, 67, 74, 27, 46,
        65, 92, 57, 52, 61, 22, 75, 56, 14, 88, 35, 80, 39, 97, 58, 64, 70, 21,
        42, 59, 98])
Remaining indices tensor([63])
property no 62
Initial sparsity 64
Optimal Sparsity 11
zero indices tensor([74, 86, 25, 27, 30, 33, 37, 38, 78, 43, 75, 83, 48, 73, 50, 53, 69, 56,
        68, 67, 63,  0, 12, 13, 92, 94,  9, 95,  6,  5, 91,  4, 89,  3, 88, 98])
Indices prune tensor([24, 79, 21, 84, 54, 44, 40, 42, 93, 66, 72, 82, 85, 57, 31, 34, 46, 64,
        20, 16, 87, 71,  8, 10, 36, 28, 61,  1,  7, 29, 47, 18, 17, 80, 76, 45,
        51, 77, 97, 90, 59, 55, 99, 62, 49, 65, 11,  2, 70, 19, 81, 22, 35])
Remaining indices tensor([96, 26, 32, 23, 14, 58, 52, 60, 41, 15, 39])
property no 72
Initial sparsity 76
Optimal Sparsity 1
zero indices tensor([14, 29, 32, 34, 35, 37, 39, 54, 58, 59, 60, 63, 64, 16, 65, 69, 75, 76,
         7,  6,  5, 87, 98, 99])
Indices prune tensor([71,  3,  8, 78,  1, 74, 38, 96, 70, 42, 41, 40, 77, 13, 36, 23, 73, 24,
        83, 85, 56, 53, 10, 52, 50, 90, 84, 51, 22, 11, 94, 20, 26, 55, 25, 91,
        46, 31, 62, 47, 15, 97, 49, 18, 43, 30, 88, 93, 95, 86, 67, 57, 44, 82,
        61, 28, 33,  0, 48, 45, 68, 27,  9, 72, 92, 21, 17, 81, 79, 80,  2, 12,
         4, 66, 89])
Remaining indices tensor([19])
property no 73
Initial sparsity 78
Optimal Sparsity 4
zero indices tensor([13, 25, 28, 34, 35, 38, 40, 43, 56, 58, 14, 61, 11, 69, 71,  7,  6,  5,
        75, 80, 90, 99])
Indices prune tensor([10, 51, 52,  1, 98, 63, 85, 88, 32, 41, 39, 87, 36, 94, 42, 76,  3, 48,
        83, 77, 86, 92, 79, 73, 17, 62, 53, 55, 70, 54, 82, 91, 74, 65, 49, 26,
        67, 59, 30, 64,  9, 47, 27, 96, 18, 50, 84, 72, 95, 46,  2, 21, 44, 23,
        45, 60, 31, 57, 81, 20, 22, 29, 93, 68, 78, 15,  0, 33,  4, 24, 97, 16,
        66, 12])
Remaining indices tensor([37,  8, 19, 89])
property no 79
Initial sparsity 58
Optimal Sparsity 1
zero indices tensor([65, 32, 35, 36, 37, 39, 42, 47, 50, 51, 54, 55, 58, 60, 64,  1, 69, 71,
        74, 75, 76, 77, 81, 82, 87, 88, 90, 91, 97, 98, 25, 22, 21, 16, 15, 13,
        26, 11,  7,  6,  5, 29])
Indices prune tensor([ 3, 43, 20, 44, 61, 17, 31, 59, 53, 23, 78, 84, 99, 70, 63, 34, 83,  4,
        46,  2, 40, 49, 96, 10, 14, 19, 89, 41, 30, 93,  8, 28, 62, 38, 24, 94,
        85, 48, 68, 33, 27, 45, 92, 67, 18, 86, 72, 57, 52,  9,  0, 66, 73, 80,
        56, 95, 12])
Remaining indices tensor([79])
property no 82
Initial sparsity 64
Optimal Sparsity 1
zero indices tensor([64, 78, 23, 75, 25, 74, 27, 73, 69, 32, 21, 34, 59, 49, 37, 38, 46, 44,
        43, 85,  1, 98,  3, 91,  5,  6,  7,  8, 90, 86, 13, 83, 81, 16, 17, 80])
Indices prune tensor([28, 30, 77, 19, 84, 48, 50, 66, 47, 72, 54, 63, 92, 60, 82, 55, 71, 87,
        93, 29, 94, 62, 40, 41, 95, 70, 42,  4, 68, 20, 99, 45,  2, 10, 61, 97,
        22, 88, 56, 57, 58, 33, 53, 96, 26, 52, 24, 89, 11, 31, 18, 65, 36, 35,
         0, 79, 15,  9, 51, 39, 14, 76, 12])
Remaining indices tensor([67])
property no 83
Initial sparsity 63
Optimal Sparsity 1
zero indices tensor([65, 32, 35, 37, 39, 40, 47, 51, 53, 56, 60, 63, 64, 50, 69, 71, 72, 76,
        83, 92, 93, 94, 96, 97, 99,  8, 17, 18, 14, 13, 11, 20, 22,  7,  2,  6,
         5])
Indices prune tensor([91, 95, 10, 42, 67, 79, 77, 34,  0, 84, 15, 26, 90, 55, 48,  1, 66, 68,
        43, 29, 89, 58, 31, 38,  4, 86, 78, 82, 28, 81, 44, 45, 61, 62, 74, 87,
         9, 36, 75, 19, 12, 25, 16, 41, 85, 27, 46,  3, 73, 57, 24, 30, 52, 54,
        70, 59, 33, 23, 80, 49, 98, 88])
Remaining indices tensor([21])
property no 88
Initial sparsity 63
Optimal Sparsity 4
zero indices tensor([29, 20, 82, 22, 80, 63, 46, 45, 79, 65, 83, 43, 69, 32, 76, 71, 40, 74,
        73, 39, 10, 55, 96, 93,  4,  5,  6,  7, 58, 60, 11, 88, 13, 87, 51, 84,
        61])
Indices prune tensor([86,  1, 72, 53, 35, 18, 34, 91, 48, 30, 47, 25, 78, 24, 26, 92, 28, 85,
        50, 70,  9, 52, 14, 68, 98, 56, 62, 99, 90, 77, 38, 75, 67, 42, 31, 64,
         3,  0, 59, 36, 54, 41, 37, 57, 81, 97, 49, 66, 94,  8, 16, 23, 15,  2,
        12, 33, 44, 27, 89])
Remaining indices tensor([95, 17, 21, 19])
property no 92
Initial sparsity 59
Optimal Sparsity 3
zero indices tensor([55, 69, 65, 25, 63, 61, 60, 59, 58, 56, 32, 22, 34, 35, 54, 37, 38, 39,
        40, 52, 51, 46, 11, 99, 98, 96, 93,  5,  6,  7, 90, 87, 10, 13, 14, 77,
        75, 17, 74, 71, 20])
Indices prune tensor([70, 82,  1, 76, 42, 28, 41, 43, 92, 50, 26, 62, 36, 47, 86, 31, 68, 18,
        24, 53, 78, 91, 44, 23, 97,  8, 45, 67,  9, 48, 83, 21, 15, 80, 49, 72,
        95, 27, 73, 94, 64,  0, 33,  3, 85, 30, 57, 19, 84,  2,  4, 29, 88, 16,
        81, 79])
Remaining indices tensor([66, 89, 12])
property no 93
Initial sparsity 61
Optimal Sparsity 2
zero indices tensor([58, 23, 93, 84, 26, 64, 32, 35, 36, 37, 60, 27, 57, 43, 44, 45, 88, 47,
        55, 52, 53, 54, 73,  1,  2,  3, 78,  5,  6, 81,  8,  9, 83, 11, 72, 21,
        69, 20, 18])
Indices prune tensor([48, 70, 95, 28, 13, 51, 31, 22, 63, 39, 56, 68, 30, 90, 91, 40, 10,  7,
        29, 25, 49, 85, 96, 61, 79, 62, 97, 71, 65, 16, 80,  4, 59, 87, 77, 15,
        82, 12, 92, 38, 41, 50, 76,  0, 34, 89, 75, 86, 19, 42, 74, 24, 67, 94,
        14, 46, 66, 17, 99])
Remaining indices tensor([33, 98])
property no 98
Initial sparsity 56
Optimal Sparsity 4
zero indices tensor([71, 32, 35, 37, 39, 41, 45, 47, 53, 56, 60, 63, 65, 67, 68, 69,  1, 72,
        73, 77, 79, 82, 84, 90, 92, 93, 94, 95, 96, 97, 99, 26, 20, 18, 24, 14,
        12, 11, 27,  8, 29,  6,  5, 30])
Indices prune tensor([ 7, 87, 74, 17, 15, 36, 19, 58, 50, 59,  4, 91, 78, 62, 22,  2, 10, 13,
        76, 25, 57, 40, 49, 66, 42, 54, 81, 55, 23, 21, 46, 88, 44, 86, 89, 48,
        98, 16, 64, 28, 38, 70, 52, 85, 33, 43, 34, 80, 75, 31,  0, 83])
Remaining indices tensor([ 3,  9, 51, 61])
property no 99
Initial sparsity 60
Optimal Sparsity 1
zero indices tensor([65, 32, 35, 37, 39, 47, 51, 52, 54, 55, 58, 60, 61, 62, 63,  1, 69, 71,
        74, 76, 77, 79, 81, 82, 83, 84, 88, 93, 96, 99, 13, 29, 11, 15,  9,  7,
        22, 26,  6,  5])
Indices prune tensor([42, 33, 97, 34, 90, 19, 48, 59, 86, 73, 68, 10, 53,  2, 91, 20,  4, 46,
        78, 70, 43, 57, 21, 87, 27, 67, 28,  8, 44, 14, 45, 50, 12, 31, 41, 89,
        92, 17, 72, 95,  3, 18, 64, 25,  0, 75, 23, 16, 38, 30, 40, 66, 36, 85,
        24, 49, 98, 94, 80])
Remaining indices tensor([56])
property no 102
Initial sparsity 64
Optimal Sparsity 5
zero indices tensor([57, 27, 31, 90, 33, 34, 41, 43, 86, 48, 85, 53, 56, 88, 82, 59, 79, 61,
        63, 66, 68, 69, 75, 73, 74, 25,  9, 13,  6,  5,  4, 21, 12, 10, 98, 93])
Indices prune tensor([24, 92, 76, 45, 20, 42, 19,  0, 62, 30, 28, 67, 16, 55, 40, 22, 83, 46,
        50, 87, 94, 71,  8, 38, 26, 89, 52, 51, 18, 95, 97, 91, 17, 78, 47, 36,
        11, 64, 99, 84, 72,  2, 54, 49, 44, 37, 35, 77, 70, 29, 80, 81,  1, 14,
         3,  7, 65, 96, 39])
Remaining indices tensor([23, 58, 15, 60, 32])
property no 103
Initial sparsity 64
Optimal Sparsity 3
zero indices tensor([42, 21, 22, 77, 69, 33, 68, 67, 37, 65, 40, 91, 64, 63, 47, 93, 60, 53,
        57, 55, 56, 96, 83, 11, 20,  8, 81,  7, 79, 97,  6,  5, 84,  3, 18,  2])
Indices prune tensor([31, 32, 62, 66, 72, 82, 90, 71, 99, 58, 13, 95, 51, 41, 23, 61, 35, 15,
         9, 43, 87, 46,  0, 24, 98, 16, 30, 86, 94, 26, 78, 73, 76, 12, 10, 44,
        34, 28,  4, 39, 89, 25, 49, 45, 92, 85, 54, 52, 88, 36, 27, 50, 14, 29,
        59, 48, 17, 75, 80,  1, 19])
Remaining indices tensor([74, 38, 70])
property no 104
Initial sparsity 71
Optimal Sparsity 2
zero indices tensor([66, 41, 38, 37, 50, 32, 59, 29, 60, 27, 24, 64, 19, 69, 16, 87, 98, 93,
         3,  4,  5,  6, 91, 70, 82, 78, 75, 74, 13])
Indices prune tensor([53, 21, 47, 44, 23, 61, 68, 36, 30, 14, 25,  1, 35, 48, 49, 73,  0, 99,
         7, 17, 40, 20, 94, 77, 46, 63, 42, 76, 86, 28, 11, 88, 34, 71, 85, 83,
         8, 57, 31, 95, 26, 96, 79, 92, 56, 58, 72, 80, 90,  9, 43, 62, 22, 39,
        97, 33, 84, 45, 65, 18, 81, 54, 55, 10, 89,  2, 67, 15, 12])
Remaining indices tensor([51, 52])
property no 105
Initial sparsity 52
Optimal Sparsity 5
zero indices tensor([50, 63, 61, 60, 59, 58, 55, 54, 51, 64, 47, 46, 43, 42, 41, 40, 39, 37,
        78, 98, 93, 92, 91, 90, 88, 84, 82,  1, 76, 75, 74, 73, 70, 69, 65,  8,
        25, 35,  7, 32, 26, 11, 14, 20,  6,  5, 16, 18])
Indices prune tensor([24, 44, 34, 31, 36, 23, 22, 13, 81, 27,  3, 77, 19, 17, 85, 48, 72, 49,
        45, 94,  9,  0, 62, 87, 30,  4, 10, 71, 56, 57, 83, 68, 96, 29, 99, 53,
        33, 38, 28, 86, 97, 80, 79, 89, 15, 95, 21])
Remaining indices tensor([67, 66,  2, 52, 12])
property no 107
Initial sparsity 74
Optimal Sparsity 1
zero indices tensor([48, 21, 90, 25, 86, 33, 83, 82, 43, 81, 99, 79, 52, 53, 54, 68, 69, 73,
        74, 75, 13,  5, 12, 10,  8,  6])
Indices prune tensor([27, 85,  9, 49, 42, 40, 55, 63, 67, 16, 59, 24, 71,  4, 19, 64,  3, 34,
        35, 57, 94, 51, 93, 95, 92, 78, 84, 61, 44, 62, 97, 76, 60, 47, 89, 36,
        72, 37, 77, 66, 70, 23, 26, 11, 87, 45, 18, 17, 28,  1, 50, 91, 88, 56,
        30,  0, 46, 80, 31, 20, 41, 15,  7,  2, 29, 98, 58, 38, 32, 22, 65, 39,
        14])
Remaining indices tensor([96])
property no 109
Initial sparsity 54
Optimal Sparsity 1
zero indices tensor([40, 27, 85, 30, 31, 83, 82, 34, 35, 36, 37, 38, 78, 86, 41, 75, 43, 73,
        69, 46, 68, 48, 66, 63, 59, 57, 25,  0,  4,  5,  6, 97,  8, 10, 94, 13,
        93, 92, 90, 87, 91, 22, 21, 20, 19, 18])
Indices prune tensor([24, 95,  2, 17, 98, 50, 12, 64, 61,  1, 44, 71, 84, 76, 55, 53, 47, 74,
        67, 45, 56, 89, 16, 72, 14,  7, 11, 42, 96, 26, 15, 23, 33,  3, 62, 81,
        58, 51, 77, 28, 39,  9, 65, 54, 99, 70, 52, 79, 29, 60, 32, 88, 49])
Remaining indices tensor([80])
property no 111
Initial sparsity 56
Optimal Sparsity 5
zero indices tensor([65, 30, 32, 36, 39, 40, 41, 44, 45, 47, 49, 50, 59, 63, 64,  1, 68, 69,
        70, 73, 74, 78, 80, 83, 84, 86, 91, 93, 97, 20, 14,  6,  5, 17,  8,  4,
        18, 19, 12, 21, 11,  0, 27, 23])
Indices prune tensor([26, 56, 46,  2, 34, 24, 13, 71, 54, 66, 72, 58, 60, 55, 75, 35, 77, 38,
        10, 87, 53, 25, 48, 90, 94, 95, 85, 89,  7, 98, 15,  9, 28, 37, 57, 99,
         3, 29, 81, 61, 16, 96, 92, 79, 52, 51, 76, 33, 31, 67, 42])
Remaining indices tensor([22, 62, 43, 82, 88])
property no 116
Initial sparsity 62
Optimal Sparsity 4
zero indices tensor([56, 28, 29, 30, 32, 35, 36, 38, 39, 41, 44,  0, 54, 50, 58, 60, 62, 69,
        74, 78, 80, 91, 95, 97, 98, 99,  1, 25,  6, 23,  2, 22, 11, 14, 21, 20,
        18,  5])
Indices prune tensor([37, 75, 59, 24,  9,  7, 77, 87, 49, 66, 89, 84, 81, 72, 67,  4, 17, 86,
        48, 45, 15, 96, 40, 63, 71, 57, 27, 73, 42, 76, 55, 83, 94, 65, 10, 12,
        92, 53, 13, 51, 79, 93, 70, 64, 90, 46, 34, 26, 47, 31, 43, 88,  3, 33,
        61, 85,  8, 68])
Remaining indices tensor([82, 52, 16, 19])
property no 120
Initial sparsity 71
Optimal Sparsity 3
zero indices tensor([16, 32, 56, 58, 34, 63, 27, 64, 25, 55, 69, 37, 71, 73, 75,  9, 46,  0,
        88,  5,  6,  7, 87, 76, 39, 38, 78, 13, 77])
Indices prune tensor([18, 53, 74, 70, 99, 98, 67, 35, 40, 82, 51, 31, 91, 60, 84, 50,  3, 65,
        29, 48, 49, 43,  1, 93, 45, 54, 57, 61, 23, 96, 86, 52, 62, 14,  8, 20,
        83, 68, 28, 36, 59, 33, 92, 85, 42, 30, 44, 90, 79, 12, 26, 97, 11, 81,
        22, 15,  4, 24, 41, 21, 10, 89, 72, 94, 80, 47,  2, 17])
Remaining indices tensor([66, 19, 95])
property no 124
Initial sparsity 65
Optimal Sparsity 7
zero indices tensor([58, 29, 30, 32, 35, 36, 43, 47, 50, 51, 54, 55, 57,  1, 59, 60, 69, 71,
        72, 74, 75, 77, 78, 81, 88, 91,  6, 20, 11, 14, 18,  5, 23, 24,  7])
Indices prune tensor([53,  2, 65, 76, 93, 13, 26, 38, 41,  9,  4, 82, 39, 94, 61,  3, 97, 46,
        34, 62, 70, 21, 84, 83, 25, 44,  8, 17, 28, 49, 45, 96, 31, 63, 27, 15,
        48, 37, 42, 40, 85, 64, 80, 68, 67, 87, 90, 33, 73,  0, 52, 12, 86, 95,
        98, 16, 19, 10])
Remaining indices tensor([79, 99, 22, 89, 66, 56, 92])
property no 131
Initial sparsity 63
Optimal Sparsity 2
zero indices tensor([38, 22, 64, 83, 65, 28, 53, 74, 32, 66, 34, 55, 40, 72, 42, 43, 71, 69,
        47,  0, 51, 20, 60,  2, 98,  5,  6,  7, 61, 95, 11, 93, 14, 63, 19, 58,
        88])
Indices prune tensor([36, 45, 15, 35, 25,  9, 17, 91, 78, 68, 39,  4, 73, 49,  1, 87, 86, 77,
        27, 82, 84, 33, 96, 50, 80, 26, 16, 67, 52, 97, 92,  3, 13, 37, 81, 18,
        24,  8, 79, 89, 56, 46, 23, 12, 31, 62, 44, 75, 10, 99, 54, 30, 85, 94,
        48, 29, 21, 76, 57, 70, 59])
Remaining indices tensor([90, 41])
property no 133
Initial sparsity 62
Optimal Sparsity 1
zero indices tensor([47, 66, 65, 64, 60, 57, 53, 27, 49, 29, 20, 32, 33, 46, 35, 37, 45, 43,
        42, 79,  1, 97, 95,  4,  5,  6, 83, 82, 69, 77, 11, 12, 76, 74, 15, 16,
        71, 70])
Indices prune tensor([31, 36, 50, 51,  2, 93,  8, 54, 24, 38, 85,  3, 96, 84, 75, 30, 14, 80,
        90, 72, 13, 48, 23, 62, 99, 25, 68,  7,  9, 63, 56, 78, 81, 44, 73, 91,
        10, 88, 94, 86, 58, 55, 26,  0, 22, 67, 18, 52, 19, 21, 28, 87, 17, 59,
        41, 39, 61, 92, 98, 89, 40])
Remaining indices tensor([34])
property no 134
Initial sparsity 65
Optimal Sparsity 1
zero indices tensor([39, 84, 83, 26, 82, 32, 81, 80, 78, 36, 37, 30, 71, 69, 46, 47, 66, 65,
        53, 64, 55, 60, 22,  5, 20,  6, 97,  2, 96, 11, 18, 17, 16, 15, 93])
Indices prune tensor([77, 57, 27, 28, 19, 92, 13, 76, 29, 72, 49, 56,  9, 44, 99,  4, 68, 94,
        87, 95, 74,  7, 58,  0, 50, 23, 79,  1, 40, 51, 61, 42, 43, 88,  8, 73,
        45, 38, 35, 48, 63,  3, 12, 62, 10, 34, 98, 31, 90, 91, 70, 25, 33, 67,
        14, 75, 21, 89, 24, 85, 52, 54, 86, 41])
Remaining indices tensor([59])
property no 136
Initial sparsity 65
Optimal Sparsity 1
zero indices tensor([63, 20, 21, 79, 46, 24, 61, 78, 27, 43, 82, 74, 40, 73, 72, 69, 68, 37,
        39,  9, 55, 54, 97,  4,  5,  6, 93,  8, 53, 11, 91, 50, 16, 48, 18])
Indices prune tensor([70, 56, 85,  0, 77, 59, 67, 25, 60, 10, 98, 29, 84, 14, 86, 58, 23, 51,
        31, 62, 99, 96,  7, 13, 33, 87, 22, 26, 35, 42, 19, 32, 49, 95, 34, 88,
        90, 45, 65, 64, 47, 30, 76, 57,  3, 52, 71, 75, 41, 12, 28,  1, 36, 44,
        66, 38, 92, 17, 83,  2, 80, 94, 15, 81])
Remaining indices tensor([89])
property no 137
Initial sparsity 71
Optimal Sparsity 1
zero indices tensor([64, 33, 32, 35, 38, 40, 45, 48, 25, 24, 23, 22, 58, 20, 60, 18, 84,  2,
        96,  5,  6,  7, 93, 78, 11, 74, 71, 69, 65])
Indices prune tensor([13, 53, 97,  1, 50,  4, 12, 95, 55, 66, 31, 37, 15, 90, 39, 34, 73, 43,
        92, 51, 29, 99, 54, 82, 77, 76, 83, 87,  3, 81, 57, 42,  9, 61, 79, 30,
        10, 41, 86, 88, 91, 89, 36, 44, 62,  8, 14, 26, 47,  0, 94, 49, 98, 16,
        27, 28, 52, 72, 19, 85, 17, 70, 46, 68, 80, 67, 63, 59, 56, 75])
Remaining indices tensor([21])
property no 145
Initial sparsity 65
Optimal Sparsity 13
zero indices tensor([40, 81, 77, 76, 69, 31, 32, 67, 35, 65, 37, 39, 78, 64, 63, 60, 46, 58,
        49,  0, 51, 57, 56, 55, 16, 93,  9,  6,  5,  4, 97, 20, 21, 22, 82])
Indices prune tensor([89, 84, 91, 10, 47, 44,  2, 18, 26, 11, 34,  1, 15, 45, 87, 96, 13, 38,
        14, 50, 73, 83, 27, 25, 86, 59, 30, 19, 54, 12,  3, 70, 24, 85, 68, 61,
        48, 92, 79, 23, 90, 43,  8, 75, 41, 53,  7, 29, 71, 52, 33, 42])
Remaining indices tensor([74, 17, 28, 80, 88, 72, 62, 95, 36, 66, 99, 98, 94])
property no 150
Initial sparsity 67
Optimal Sparsity 2
zero indices tensor([40, 21, 80, 78, 27, 32, 69, 35, 37, 38, 39,  0, 64, 46, 47, 63, 49, 60,
        55, 56, 57, 81, 92, 91,  5,  6,  7, 11, 84, 83, 16, 20, 18])
Indices prune tensor([24, 44, 50, 31, 25,  9, 77, 51, 13, 90, 68, 41, 14, 30, 93, 86, 67, 43,
        71, 76, 75, 53, 82, 61,  1, 70, 36, 23, 87, 97, 85, 59,  8, 72, 66, 34,
        74, 15, 58, 79,  3, 28,  2, 73, 48, 45, 22, 62, 94, 10, 17, 96, 65, 54,
        33, 99, 12, 95, 26, 98, 29, 19, 88,  4, 52])
Remaining indices tensor([42, 89])
property no 151
Initial sparsity 49
Optimal Sparsity 23
zero indices tensor([85, 35, 36, 37, 39, 40, 41, 43, 44, 88, 48, 50, 87, 86, 53, 54, 98, 59,
        84, 63, 83, 66, 67, 68, 69, 82, 80, 73, 74, 75, 76, 78, 91,  6,  7,  8,
         9,  5, 93, 16, 18, 20, 21, 22,  4, 31, 30, 25, 29, 26,  2])
Indices prune tensor([57, 58, 46, 24, 55, 32, 10, 42,  3, 17, 72, 65, 97, 49, 62, 61, 27, 95,
        38, 90, 33, 47, 23, 11, 14, 79])
Remaining indices tensor([28, 77, 99, 92, 64,  0, 56, 70, 34, 13,  1, 96, 94, 12, 60, 19, 45, 71,
        81, 52, 51, 89, 15])
property no 157
Initial sparsity 64
Optimal Sparsity 7
zero indices tensor([32, 59, 21, 82, 78, 25, 27, 63, 74, 64, 83, 34, 35, 47, 37, 71, 39, 70,
        46, 69, 10, 58, 57, 56,  5,  6,  7, 93,  9, 55, 11, 92, 13, 91, 16, 84])
Indices prune tensor([77, 85, 73, 67, 26, 90, 97, 75, 31, 42, 36, 54, 98, 43, 41, 99, 20, 51,
        19, 65,  3, 49,  1, 29, 22, 23, 14, 79,  0, 28, 86,  4, 38, 53, 48, 60,
        96, 88, 24, 95, 52, 61, 18, 40, 76, 68, 15, 94, 45, 33, 50, 87, 66, 62,
        44, 72, 12])
Remaining indices tensor([81, 30,  2, 89, 80,  8, 17])
property no 173
Initial sparsity 69
Optimal Sparsity 5
zero indices tensor([62, 24, 28, 29, 35, 36, 38, 41, 50, 51, 54, 56,  1, 63, 66, 69, 71, 74,
        75, 79, 82, 83, 93, 98,  6, 14, 13,  5, 11,  8,  7])
Indices prune tensor([ 0, 85,  3, 40, 61, 53, 97, 20, 10, 99, 21, 73, 18, 43, 67, 45, 31, 60,
         9, 44, 34, 39, 64, 84, 68, 32, 86, 70,  2, 58, 77, 48, 26, 49, 91, 76,
        30, 57, 87, 96, 42, 90, 95, 52, 25, 12, 47, 23, 37, 17, 78, 72, 88, 33,
        46, 55, 80, 27, 94, 59, 22, 89, 65, 15])
Remaining indices tensor([19, 81,  4, 92, 16])
property no 174
Initial sparsity 75
Optimal Sparsity 1
zero indices tensor([55, 23, 27, 29, 32, 35, 40, 42, 50, 51,  1, 63, 64, 66, 69, 71, 74, 86,
        91, 93,  3, 13,  6,  5,  4])
Indices prune tensor([88, 83, 16, 75, 59, 30, 58, 53, 76, 25, 24, 82, 18, 52, 79, 44, 60,  7,
        68, 21, 99, 49, 37, 97, 70, 65,  8, 61, 77,  2, 84, 95, 98, 48, 22, 36,
        31, 46, 62, 47, 72,  0, 56, 85, 54, 10, 43, 90, 73, 14, 15, 20, 19, 26,
        67, 87, 80, 96, 28, 78, 38, 11, 41, 33, 17, 45, 34, 94, 57, 81,  9, 12,
        92, 39])
Remaining indices tensor([89])
property no 175
Initial sparsity 61
Optimal Sparsity 19
zero indices tensor([56, 27, 31, 32, 93, 35, 37, 38, 39, 45, 47, 53, 55, 78, 57, 58, 59, 60,
        61, 63, 64, 88, 73, 69, 70, 72, 25,  7,  6,  9, 11, 98, 13, 14,  5,  4,
        20, 84,  2])
Indices prune tensor([79, 40, 43, 92, 46, 54, 62, 96, 10, 28, 26, 29, 71, 18, 95,  3, 19, 50,
        23, 97, 67, 16, 76, 85,  0, 48, 22, 51, 30, 68, 91,  8, 49, 82, 36, 75,
        34, 66, 24, 42, 86, 41])
Remaining indices tensor([ 1, 74, 33, 77, 65, 90, 99, 44, 17, 12, 21, 83, 15, 81, 89, 87, 80, 52,
        94])
property no 185
Initial sparsity 72
Optimal Sparsity 1
zero indices tensor([55, 28, 32, 34, 36, 38, 40, 41, 43, 51, 52, 50, 56, 58, 65, 69, 74, 80,
        88, 94, 99, 17,  7,  6, 10, 11,  5, 18])
Indices prune tensor([90,  0, 76, 25, 24, 29, 13, 62, 48, 61, 53, 14, 86, 35, 20,  1, 92, 71,
        87, 30, 42, 68, 77, 85, 26, 83, 98, 79, 57, 15, 75, 93, 47, 22, 73, 97,
        33,  3, 49, 96, 70, 39,  2, 44, 67, 60, 82, 63, 23, 46, 31, 72, 64, 84,
        27,  4, 95, 91, 66, 45, 78, 54,  9, 21, 59,  8, 19, 16, 89, 12, 81])
Remaining indices tensor([37])
property no 196
Initial sparsity 62
Optimal Sparsity 4
zero indices tensor([61, 71, 25, 27, 28, 68, 67, 32, 33, 66, 36, 63, 69, 55, 43, 53, 45, 46,
        47, 52, 49, 50, 51, 73, 21, 98, 74, 19, 18, 93, 17, 75,  5,  6, 77, 13,
        72, 12])
Indices prune tensor([65, 88, 11, 84,  9, 30, 40, 34, 86, 62, 15,  0,  8,  1, 31, 59, 58, 60,
        10, 44, 38,  3, 83, 23, 48, 82, 64, 14, 35, 24, 42, 97, 39, 91, 85, 54,
        92, 90, 95, 87, 76,  4, 94, 16, 80, 78, 89, 57, 29, 79,  2, 70, 41, 22,
        96, 99, 20, 81])
Remaining indices tensor([37, 26,  7, 56])
property no 199
Initial sparsity 70
Optimal Sparsity 1
zero indices tensor([17, 50, 32, 31, 34, 56, 60, 27, 63, 25, 48, 20, 19, 18, 38, 14, 41, 97,
        42, 94,  5,  6, 93, 92, 44, 78, 75, 74, 73, 69])
Indices prune tensor([49, 45, 66, 67, 95, 68,  0, 24, 87, 65, 30,  1, 86, 35, 13, 62, 85,  7,
        80, 91, 21, 88, 84, 71, 77, 47, 36,  4, 23, 43, 76, 82, 89, 11, 90, 26,
        16, 29, 83, 99, 39, 40, 64, 15, 10, 12, 57,  3, 51, 54, 72, 28, 46, 61,
        96, 58, 59,  2, 98, 33, 53, 52, 37,  9, 55, 70, 81,  8, 22])
Remaining indices tensor([79])
