property no 0
Initial sparsity 67
Optimal Sparsity 16
zero indices tensor([55, 20, 80, 78, 25, 69, 67, 30, 66, 62, 73, 53, 37,  0, 39, 40, 49, 48,
        46, 93, 99,  2, 96,  5,  6, 94, 82, 92, 12, 83, 91, 86, 90])
Indices prune tensor([58, 77, 89,  3, 57, 41, 61, 51,  9, 71, 42, 72, 50, 84, 44, 56, 98, 54,
        76, 26, 32, 23, 64, 81, 28, 36, 16, 35, 34, 65, 75, 74, 88, 15, 43, 85,
        31, 29, 68, 47, 52, 60, 11, 10, 79, 87, 24, 33, 19, 38,  1])
Remaining indices tensor([95,  4, 17,  7, 45, 14, 22, 27, 18,  8, 13, 97, 70, 59, 21, 63])
property no 1
Initial sparsity 68
Optimal Sparsity 20
zero indices tensor([46, 63, 59, 20, 21, 58, 54, 51, 25, 61, 43, 39, 38, 32, 36, 34, 35, 78,
         1, 91, 87, 80,  5,  6,  7, 75, 74, 11, 73, 71, 14, 69])
Indices prune tensor([77, 84, 65, 82, 85, 60, 86, 62, 49, 76, 31, 50, 13, 57, 44,  3, 53, 23,
        67, 30, 45, 33, 83, 48, 40, 41,  2, 27, 70, 28, 94, 18, 72, 15,  9, 55,
        47, 99, 68, 24, 64, 42, 12, 52,  4, 95, 10, 89])
Remaining indices tensor([26, 17, 96, 97, 16, 98, 66,  0, 81, 88, 56, 19, 92, 79, 93, 29, 37,  8,
        90, 22])
property no 2
Initial sparsity 71
Optimal Sparsity 5
zero indices tensor([19, 38, 35, 34, 63, 32, 39, 64, 61, 27, 43, 25, 23, 59, 68, 17, 49, 58,
        98, 93,  5,  6, 55, 53, 69, 77, 13, 50, 16])
Indices prune tensor([84, 65, 82,  1, 85, 60, 86, 62, 76, 31, 57, 44,  3, 67, 30,  7, 45, 33,
        83, 48, 87, 40, 41, 91, 78,  2, 70, 51, 28, 94, 36, 18, 72, 15,  9, 47,
        99, 74, 24, 42, 14, 12, 73, 52,  4, 71, 95, 10, 89, 26, 80, 96, 97, 46,
        66,  0, 81, 11, 54, 20, 75, 88, 56, 92, 79, 29])
Remaining indices tensor([37,  8, 90, 22, 21])
property no 5
Initial sparsity 74
Optimal Sparsity 62
zero indices tensor([40, 63, 27, 59, 30, 33, 34, 37, 54, 69, 73, 53, 16, 76, 13, 42, 44, 85,
        87,  8,  6,  5, 91, 46, 47, 99])
Indices prune tensor([48, 25, 80,  9, 15, 20, 23,  0, 78, 60, 72, 55])
Remaining indices tensor([24, 68, 43, 92, 28, 51, 50, 77, 26,  4, 31, 97, 62, 61, 36, 66, 58, 74,
        67, 11, 75, 86, 79, 12, 71, 19, 64, 81, 65, 70, 35, 57, 84, 39,  3,  2,
        49, 45,  1, 56, 32, 10, 89, 29, 96, 95, 41, 90, 82, 14, 94, 52, 88, 98,
        38, 17, 18, 22, 93, 83,  7, 21])
property no 13
Initial sparsity 63
Optimal Sparsity 43
zero indices tensor([75, 25, 27, 31, 38, 46, 50, 63, 66, 67, 69, 73, 74,  1, 78, 79, 82, 84,
        86, 88, 89, 90, 91, 93, 98, 13,  0,  7,  6,  5, 10,  4,  8,  3, 20,  2,
        21])
Indices prune tensor([48, 34, 87, 15, 71, 26, 12, 96, 19, 61, 81, 41, 77, 51, 45, 92, 44,  9,
        35, 55])
Remaining indices tensor([14, 83, 58, 42, 65, 52, 85, 24, 39, 70, 17, 54, 23, 57, 97, 28, 53, 95,
        99, 33, 36, 49, 80, 11, 47, 16, 68, 29, 22, 60, 64, 94, 43, 62, 72, 30,
        32, 76, 40, 37, 56, 59, 18])
property no 15
Initial sparsity 74
Optimal Sparsity 18
zero indices tensor([67, 34, 38, 30, 40, 43, 49, 53, 58, 22, 64, 66, 69, 71, 82, 99,  2,  3,
        93,  5,  6,  7, 87, 84, 83, 72])
Indices prune tensor([77, 65,  1, 85, 60, 86, 62, 76, 31, 50, 13, 57, 44, 23, 45, 33, 48, 41,
        91, 78, 27, 70, 51, 28, 94, 36, 18, 15,  9, 55, 47, 68, 74, 24, 42, 25,
        14, 12, 73, 32, 52,  4, 95, 10, 35, 89, 26, 17, 80, 96, 97, 16, 46, 98,
        61,  0])
Remaining indices tensor([81, 11, 54, 20, 75, 39, 88, 56, 19, 92, 79, 29, 37, 63, 59,  8, 90, 21])
property no 20
Initial sparsity 68
Optimal Sparsity 1
zero indices tensor([67, 21, 78, 25, 74, 29, 30, 32, 73, 69, 37, 27, 62, 60, 45, 47,  0, 57,
        55, 53, 54,  9, 88,  4,  5, 81, 20, 84, 16, 82, 93,  6])
Indices prune tensor([48, 34,  3, 87, 89, 15, 71, 26, 12, 96, 19, 61, 41, 77, 31, 51, 92, 44,
        35, 13, 38, 91, 14, 83, 58, 90, 42, 65, 52,  2, 85, 24, 86, 39, 70, 17,
        23, 97, 28, 50, 95, 99, 33, 10,  7, 36, 49, 80, 11,  1, 75, 68, 46, 66,
        22, 64,  8, 94, 43, 72, 76, 40, 79, 56, 59, 98, 18])
Remaining indices tensor([63])
property no 23
Initial sparsity 76
Optimal Sparsity 22
zero indices tensor([24, 48, 49, 46, 42, 53, 38, 36, 35, 55, 33, 27, 69, 20, 70, 72,  9, 79,
        86, 13, 93, 82,  5,  6])
Indices prune tensor([25, 74, 65,  3, 96, 23, 26, 68, 64, 54, 67,  0,  1, 10, 77, 50, 95, 75,
        85, 15, 45, 97, 88, 47, 94, 56, 22, 66, 71, 91, 62, 12, 51,  2, 98, 34,
        31, 83, 99,  4, 58, 29, 84, 52, 30, 57, 80, 43, 44, 87, 90, 76, 14, 78])
Remaining indices tensor([89,  7, 16, 18, 73, 37, 60, 17, 41, 61, 39, 19, 28, 92, 40, 32, 81, 59,
         8, 21, 63, 11])
property no 28
Initial sparsity 66
Optimal Sparsity 43
zero indices tensor([69, 83, 28, 31, 32, 75, 74, 72, 36, 37, 70,  1, 40, 42, 66, 47, 63, 62,
        53, 57, 58,  5,  7,  8, 97, 11,  6, 93, 91,  4,  3, 20,  2, 21])
Indices prune tensor([25, 65, 48, 96, 23, 24, 26, 68, 64, 54, 49, 86, 67,  0, 55, 10, 77, 50,
        95, 85, 15, 45, 88])
Remaining indices tensor([94, 56, 22, 71, 12, 51, 33, 79, 98, 34, 99, 29, 84, 52, 35, 30, 82, 80,
        43, 44, 87, 90, 76, 14, 78, 13, 89,  9, 16, 18, 73, 60, 17, 27, 41, 61,
        38, 39, 19, 92, 46, 81, 59])
property no 29
Initial sparsity 74
Optimal Sparsity 25
zero indices tensor([99, 37, 62, 63, 33, 64, 69, 43, 54, 78, 79, 45, 83, 85, 13,  2,  3, 95,
         5,  6, 49, 48, 53, 90, 12, 86])
Indices prune tensor([25, 80,  9, 16, 42, 15, 87, 20, 23,  0, 60, 72, 55, 24, 68, 92, 28, 51,
        76, 50, 77, 26, 30,  4, 31, 97, 61, 36, 66, 47, 58, 74, 67, 11, 34, 75,
        71, 19, 46, 81, 65, 70, 35, 40, 91, 57, 84, 73, 39])
Remaining indices tensor([ 1, 44, 56, 32, 10, 89, 29, 96, 41, 82, 14, 94, 52, 88, 98, 38, 17, 18,
        22, 93,  8,  7, 27, 59, 21])
property no 34
Initial sparsity 68
Optimal Sparsity 49
zero indices tensor([69, 21, 83, 27, 28, 29, 30, 31, 75, 35,  1, 40, 64, 63, 61, 60, 47, 58,
        55, 53, 19, 93,  5,  6,  7,  9, 10, 20, 11, 91, 13, 14])
Indices prune tensor([25, 74, 65,  3, 48, 96, 23, 24, 26, 68, 54, 49, 86, 67,  0, 77, 50, 95,
        85])
Remaining indices tensor([15, 45, 97, 88, 94, 56, 22, 72, 66, 71, 62, 12, 70, 51,  2, 33, 79, 98,
        34, 99,  4, 84, 52, 57, 82, 80, 43, 44, 87, 90, 76, 78, 89, 16, 18, 73,
        37, 17, 42, 41, 38, 36, 39, 92, 46, 32, 81, 59,  8])
property no 38
Initial sparsity 71
Optimal Sparsity 3
zero indices tensor([32, 53, 19, 21, 49, 47, 84, 29, 46, 20, 81, 69, 35, 36, 37, 82, 39, 55,
         5,  6,  7, 58, 60,  9, 57, 93, 91, 54, 90])
Indices prune tensor([25, 74, 65,  3, 48, 96, 23, 24, 26, 68, 64, 86, 67,  0,  1, 10, 77, 50,
        95, 75, 85, 15, 45, 97, 88, 94, 56, 22, 72, 66, 71, 62, 12, 70, 51,  2,
        33, 79, 98, 34, 31, 83, 99,  4, 52, 30, 80, 43, 44, 87, 76, 14, 78, 13,
        89, 16, 18, 73, 17, 27, 42, 41, 61, 38, 28, 92, 40, 59])
Remaining indices tensor([ 8, 63, 11])
property no 41
Initial sparsity 65
Optimal Sparsity 49
zero indices tensor([27, 56, 55, 53, 90, 23, 49, 25, 48, 57, 44, 41, 40, 91, 94, 33, 37, 93,
        75, 85, 83, 81, 78,  5,  6,  7, 76, 10, 86, 73, 13, 69, 68, 62, 95])
Indices prune tensor([80,  9, 16, 42, 15, 87, 20, 54,  0, 60, 72, 24, 43, 92, 28, 51])
Remaining indices tensor([50, 77, 26, 30,  4, 31, 97, 61, 36, 66, 47, 58, 74, 67, 11, 34, 79, 12,
        71, 19, 46, 64, 65, 70, 35, 84, 39,  3,  2, 45,  1, 32, 89, 29, 96, 82,
        14, 52, 88, 98, 38, 17, 18, 22, 99,  8, 59, 63, 21])
property no 42
Initial sparsity 54
Optimal Sparsity 15
zero indices tensor([56, 30, 31, 85, 82, 39, 40, 45, 46, 50, 51, 79, 54, 55,  0, 57, 58, 78,
        60, 62, 63, 64, 77, 67, 68, 69, 70, 73, 86, 14, 13, 93, 97, 20, 21, 10,
        22,  8,  6, 27, 26,  5,  4, 89,  7,  2])
Indices prune tensor([15, 44, 16, 95, 49, 72, 23, 96, 32, 91, 37,  9, 36, 28, 41, 65, 53, 48,
        12, 75, 71, 11,  1, 34, 88, 98, 52, 90, 43, 74, 61, 80, 47, 35, 94, 24,
        81, 92, 17])
Remaining indices tensor([84, 25,  3, 99, 87, 29, 66, 83, 19, 42, 33, 38, 18, 76, 59])
property no 45
Initial sparsity 75
Optimal Sparsity 49
zero indices tensor([59, 63, 67, 39, 38, 69, 35, 71, 32, 29, 73, 27, 25, 74, 53, 21, 16,  5,
         6, 87, 82, 56, 13, 98, 78])
Indices prune tensor([65,  3, 48, 96, 23, 24, 26, 68, 64, 54, 49, 86,  0,  1, 55, 10, 77, 50,
        95, 75, 85, 15, 45, 97, 88, 47])
Remaining indices tensor([94, 22, 72, 66, 91, 62, 12, 70, 51,  2, 33, 79, 34, 31, 83, 99,  4, 58,
        84, 52, 30, 57, 80, 43, 44, 90, 76, 20, 14, 89,  7,  9, 18, 37, 60, 17,
        42, 41, 61, 36, 19, 28, 92, 40, 46, 81,  8, 93, 11])
property no 50
Initial sparsity 58
Optimal Sparsity 50
zero indices tensor([79, 93, 28, 31, 32, 91, 35, 36, 37, 39, 40, 41, 82, 81, 98, 47, 51, 54,
        56, 57, 58, 60, 61, 63, 69, 67, 68, 21, 96,  5,  6,  4, 13,  7,  8, 20,
        11, 22,  9,  2, 10, 26])
Indices prune tensor([25, 74, 65,  3, 48, 23, 24, 64])
Remaining indices tensor([49, 86,  0,  1, 55, 77, 50, 95, 75, 85, 15, 45, 97, 88, 94, 72, 66, 71,
        62, 12, 70, 33, 34, 83, 99, 29, 84, 52, 30, 80, 43, 44, 87, 90, 76, 14,
        78, 89, 16, 53, 18, 73, 17, 27, 42, 38, 19, 92, 46, 59])
property no 54
Initial sparsity 67
Optimal Sparsity 4
zero indices tensor([66, 75, 23, 25, 27, 32, 34, 35, 69, 38, 39, 98, 43, 45, 63, 49, 51, 61,
        53, 59, 58, 78, 91, 77, 87,  8, 13, 14,  6,  5, 17, 93, 19])
Indices prune tensor([84, 65, 82,  1, 85, 60, 86, 62, 76, 31, 50, 57, 44,  3, 67, 30,  7, 33,
        83, 48, 40, 41,  2, 70, 28, 94, 36, 18, 72, 15,  9, 55, 47, 99, 68, 74,
        24, 64, 42, 12, 73, 52,  4, 71, 95, 10, 89, 26, 80, 96, 97, 16, 46,  0,
        81, 11, 54, 20, 88, 56, 92, 79, 29])
Remaining indices tensor([37, 90, 22, 21])
property no 55
Initial sparsity 72
Optimal Sparsity 14
zero indices tensor([75, 55, 58, 59, 54, 25, 61, 32, 22, 63, 64, 69, 71, 34, 14, 13, 37, 78,
        38, 83,  8,  7,  6,  5, 87,  3, 91, 39])
Indices prune tensor([77, 84, 65, 82,  1, 85, 60, 86, 62, 49, 76, 31, 50, 57, 44, 53, 23, 67,
        30, 45, 33, 48, 40, 41,  2, 27, 70, 51, 28, 94, 36, 18, 72, 15,  9, 47,
        99, 68, 74, 24, 42, 12, 73, 52,  4, 43, 95, 10, 35, 89, 26, 17, 80, 96,
        97, 16, 46, 98])
Remaining indices tensor([66,  0, 81, 11, 20, 88, 56, 19, 92, 79, 93, 29, 90, 21])
property no 56
Initial sparsity 55
Optimal Sparsity 8
zero indices tensor([55, 30, 31, 32, 35, 37, 38, 41, 42, 89, 44, 46, 48, 50, 54, 40, 56, 57,
        86, 85, 84, 62, 82, 66, 67, 69, 73, 78, 79,  0, 97, 10,  8, 93,  7, 18,
         6, 20, 21, 22,  4, 94, 27, 25,  5])
Indices prune tensor([34,  3, 87, 15, 71, 26, 12, 96, 19, 61, 81, 77, 51, 45, 92,  9, 13, 91,
        14, 83, 58, 90, 74, 65, 52,  2, 24, 39, 70, 17, 23, 28, 53, 95, 99, 33,
        36, 49, 80, 11, 47,  1, 16, 75, 68, 29, 60])
Remaining indices tensor([64, 43, 88, 72, 76, 59, 98, 63])
property no 60
Initial sparsity 74
Optimal Sparsity 1
zero indices tensor([37, 20, 84, 24, 83, 79, 32, 33, 36,  0, 73, 71, 69, 43, 45, 66, 53, 60,
         3, 16, 15,  5,  6, 94, 18, 12])
Indices prune tensor([48, 34, 87, 89, 26, 96, 19, 61, 81, 41, 77, 31, 51, 92, 44,  9, 35, 13,
        38, 55, 91, 14, 58, 90, 74, 42, 65, 52,  2, 82, 85, 86, 39, 70, 17, 25,
        54, 23, 57,  4, 97, 28, 50, 95, 99, 10,  7, 49, 80, 11, 78, 47,  1, 75,
        68, 46, 29, 22, 64,  8, 88, 62, 72, 30, 76, 93, 40, 67, 56, 59, 98, 27,
        21])
Remaining indices tensor([63])
property no 62
Initial sparsity 64
Optimal Sparsity 55
zero indices tensor([74, 86, 25, 27, 30, 33, 37, 38, 78, 43, 75, 83, 48, 73, 50, 53, 69, 56,
        68, 67, 63,  0, 12, 13, 92, 94,  9, 95,  6,  5, 91,  4, 89,  3, 88, 98])
Indices prune tensor([85, 80, 16, 42, 15, 87, 20, 54, 23])
Remaining indices tensor([60, 72, 55, 24, 28, 51, 76, 77, 26, 31, 97, 62, 61, 36, 66, 47, 58, 11,
        34, 79, 71, 19, 46, 64, 81, 65, 70, 35, 40, 57, 84, 39,  2, 49, 45,  1,
        44, 32, 10, 29, 96, 41, 90, 82, 14, 52, 17, 18, 22, 93, 99,  8,  7, 59,
        21])
property no 65
Initial sparsity 73
Optimal Sparsity 6
zero indices tensor([30, 74, 73, 69, 68, 67, 66, 64, 59, 99, 57, 55, 33, 53, 48, 43, 40,  2,
        82, 95, 86,  4,  5,  6, 94, 76, 93])
Indices prune tensor([26, 42, 91, 24, 97, 77, 79, 39, 50, 96, 49, 89, 25, 80, 27,  9, 88, 72,
        44,  7, 85, 87, 78, 45, 38, 58, 65, 15, 13, 98, 61, 10, 75, 54, 34, 20,
        70,  3, 11, 17, 51, 84, 83, 92, 90, 47, 28, 36, 16,  1, 19, 52, 23, 32,
        60, 71, 41, 29, 22, 12, 37, 31, 62, 18, 14,  8, 63])
Remaining indices tensor([46, 81,  0, 56, 35, 21])
property no 72
Initial sparsity 74
Optimal Sparsity 22
zero indices tensor([14, 29, 32, 34, 35, 37, 39, 54, 58, 59, 60, 63, 64, 16, 65, 69, 71, 75,
        76,  8,  7,  6,  5, 87, 98, 99])
Indices prune tensor([77, 84, 82,  1, 85, 86, 62, 49, 31, 50, 13, 57, 44,  3, 53, 23, 67, 30,
        45, 38, 33, 83, 48, 40, 41, 91, 78,  2, 27, 70, 51, 28, 94, 36, 18, 72,
        15,  9, 55, 47, 68, 74, 24, 42, 25, 12, 73, 52,  4, 43, 95, 10])
Remaining indices tensor([89, 26, 17, 80, 96, 97, 46, 61, 66,  0, 81, 11, 20, 88, 56, 19, 92, 79,
        93, 90, 22, 21])
property no 73
Initial sparsity 77
Optimal Sparsity 17
zero indices tensor([13, 25, 28, 34, 35, 38, 40, 43, 56, 58, 14, 61, 11, 10, 69, 71,  7,  6,
         5, 75, 80, 90, 99])
Indices prune tensor([77, 84, 65, 82,  1, 85, 60, 86, 62, 49, 76, 31, 50, 57, 44,  3, 53, 23,
        67, 30, 45, 33, 83, 48, 87, 41, 91, 78,  2, 27, 70, 51, 94, 36, 18, 72,
        15,  9, 55, 47, 68, 74, 24, 64, 42, 12, 73, 32, 52,  4, 95, 89, 26, 17,
        96, 97, 16, 46, 98, 66])
Remaining indices tensor([ 0, 81, 54, 20, 39, 88, 19, 92, 79, 93, 29, 37, 63, 59,  8, 22, 21])
property no 79
Initial sparsity 58
Optimal Sparsity 5
zero indices tensor([65, 32, 35, 36, 37, 39, 42, 47, 50, 51, 54, 55, 58, 60, 64,  1, 69, 71,
        74, 75, 76, 77, 81, 82, 87, 88, 90, 91, 97, 98, 25, 22, 21, 16, 15, 13,
        26, 11,  7,  6,  5, 29])
Indices prune tensor([84, 34, 85, 86, 62, 49, 31, 57, 44,  3, 53, 23, 67, 30, 45, 38, 33, 83,
        48, 40, 41, 78,  2, 27, 70, 28, 94, 18, 72,  9, 99, 68, 24, 14, 12, 73,
        52,  4, 43, 95, 10, 89, 17, 80, 96, 46, 61, 66,  0, 20, 56, 19, 92])
Remaining indices tensor([79, 93, 63, 59,  8])
property no 82
Initial sparsity 63
Optimal Sparsity 7
zero indices tensor([32, 21, 23, 75, 25, 74, 27, 28, 73, 69,  1, 34, 64, 59, 37, 38, 49, 46,
        44, 43,  3,  5,  6,  7,  8, 90, 91, 86, 85, 13, 83, 81, 16, 17, 80, 98,
        78])
Indices prune tensor([87, 68, 24, 62, 60, 96, 77, 20, 45, 61, 92, 47, 26, 50, 48, 94, 33, 97,
        40, 18, 15, 22, 56,  0, 14, 89, 11, 95, 76, 19, 58, 42, 65, 84,  4, 55,
        53, 31, 39, 99,  2, 79, 57, 88, 10, 66, 30, 52, 54,  9, 36, 41, 93, 82,
        71, 12])
Remaining indices tensor([51, 72, 67, 35, 70, 63, 29])
property no 83
Initial sparsity 63
Optimal Sparsity 1
zero indices tensor([65, 32, 35, 37, 39, 40, 47, 51, 53, 56, 60, 63, 64, 50, 69, 71, 72, 76,
        83, 92, 93, 94, 96, 97, 99, 13, 11, 20,  8, 22,  7, 14, 17,  6,  5,  2,
        18])
Indices prune tensor([48, 34,  3, 84, 87, 89, 15, 26, 12, 19, 61, 81, 41, 77, 31, 45, 44,  9,
        38, 55, 91, 58, 90, 74, 42, 52, 82, 85, 24, 86, 70, 25, 54, 23, 57,  4,
        28,  0, 95, 33, 10, 36, 49, 80, 78,  1, 16, 75, 68, 46, 29, 66, 43, 88,
        62, 30, 79, 73, 67, 59, 98, 27])
Remaining indices tensor([21])
property no 88
Initial sparsity 63
Optimal Sparsity 21
zero indices tensor([29, 20, 82, 22, 80, 63, 46, 45, 79, 65, 83, 43, 69, 32, 76, 71, 40, 74,
        73, 39, 10, 55, 96, 93,  4,  5,  6,  7, 58, 60, 11, 88, 13, 87, 51, 84,
        61])
Indices prune tensor([77, 34,  1, 85, 86, 62, 49, 31, 50, 57, 44,  3, 53, 23, 67, 30, 38, 33,
        48, 41, 91, 78,  2, 27, 70, 28, 94, 36, 18, 72, 15,  9, 47, 99, 68, 24,
        64, 42, 25, 14, 12, 52])
Remaining indices tensor([95, 35, 89, 26, 17, 97, 16, 98, 66,  0, 81, 54, 75, 56, 19, 92, 37, 59,
         8, 90, 21])
property no 90
Initial sparsity 68
Optimal Sparsity 43
zero indices tensor([59, 25, 27, 28, 32, 34, 35, 38, 40, 51, 54, 56, 58,  1, 61, 63, 69, 70,
        71, 75, 78, 87, 91, 98, 99,  7, 13, 14,  6,  5,  3, 17])
Indices prune tensor([ 2, 57, 15, 24, 49, 10, 33, 44, 84, 76, 95,  4, 72, 74, 94, 86, 89, 79,
        45, 77, 48, 39, 62, 53, 60])
Remaining indices tensor([67, 18, 68, 42, 41, 66, 37, 81, 20,  9, 36, 73, 65, 30, 85, 12, 55, 92,
        80, 83, 23, 26,  0, 96, 31, 16, 22, 50, 47, 46, 88, 19, 82, 90, 64, 43,
        52,  8, 97, 93, 29, 21, 11])
property no 92
Initial sparsity 58
Optimal Sparsity 10
zero indices tensor([55, 69, 65, 25, 63, 61, 60, 59, 58, 56, 32, 22, 34, 35, 54, 37, 38, 39,
        40, 52, 51, 46, 11, 99, 98, 96, 93,  5,  6,  7, 90, 87, 10, 13, 14, 77,
        75, 17, 74, 71, 20, 70])
Indices prune tensor([84, 82,  1, 85, 86, 62, 49, 76, 31, 50, 57, 44,  3, 53, 23, 67, 30, 45,
        33, 83, 48, 41, 91, 78,  2, 27, 28, 94, 36, 18, 72, 15,  9, 47, 68, 24,
        64, 42, 12, 73,  4, 43, 95, 89, 26, 80, 97, 16])
Remaining indices tensor([66,  0, 81, 88, 19, 92, 79, 29,  8, 21])
property no 93
Initial sparsity 61
Optimal Sparsity 10
zero indices tensor([58, 23, 93, 84, 26, 64, 32, 35, 36, 37, 60, 27, 57, 43, 44, 45, 88, 47,
        55, 52, 53, 54, 73,  1,  2,  3, 78,  5,  6, 81,  8,  9, 83, 11, 72, 21,
        69, 20, 18])
Indices prune tensor([48, 85, 25, 80, 16, 42, 15, 87,  0, 24, 68, 92, 28, 51, 76, 50, 77, 30,
         4, 31, 97, 62, 61, 66, 74, 67, 34, 75, 86, 79, 12, 71, 19, 46, 65, 70,
        40, 91, 39, 49, 13, 56, 10, 89, 29, 96, 95, 41, 90, 82, 14])
Remaining indices tensor([33, 94, 98, 38, 17, 22, 99,  7, 59, 63])
property no 96
Initial sparsity 82
Optimal Sparsity 56
zero indices tensor([86, 69, 67, 27, 53, 49, 13, 12, 33, 46, 44, 37,  6,  5, 94,  3, 95, 99])
Indices prune tensor([48, 85, 25, 80,  9, 16, 42, 15, 87, 20, 54, 23,  0, 78, 60, 72, 55, 24,
        68, 43, 92, 28, 51, 76, 50, 77])
Remaining indices tensor([26, 30,  4, 31, 97, 62, 61, 36, 66, 47, 58, 74, 11, 34, 75, 79, 71, 19,
        64, 81, 65, 70, 35, 40, 91, 57, 84, 73, 39,  2, 45,  1, 56, 32, 10, 89,
        29, 96, 41, 90, 82, 14, 52, 88, 98, 38, 17, 18, 22, 93, 83,  8,  7, 59,
        63, 21])
property no 98
Initial sparsity 56
Optimal Sparsity 42
zero indices tensor([71, 32, 35, 37, 39, 41, 45, 47, 53, 56, 60, 63, 65, 67, 68, 69,  1, 72,
        73, 77, 79, 82, 84, 90, 92, 93, 94, 95, 96, 97, 99, 26, 20, 18, 24, 14,
        12, 11, 27,  8, 29,  6,  5, 30])
Indices prune tensor([ 2, 57, 15, 38, 87, 49, 78, 10, 33, 44, 76, 58,  4, 74])
Remaining indices tensor([86, 89, 48, 62, 42, 66, 25, 81,  3, 34, 13,  9, 36, 85, 55, 80, 83, 23,
         0, 31, 91, 17, 70, 16, 22, 50, 46, 40, 88, 19, 64, 54, 61, 43, 52, 51,
        59, 28,  7, 75, 98, 21])
property no 99
Initial sparsity 59
Optimal Sparsity 20
zero indices tensor([65, 32, 35, 37, 39, 42, 47, 51, 52, 54, 55, 58, 60, 61, 62, 63,  1, 69,
        71, 74, 76, 77, 79, 81, 82, 83, 84, 88, 93, 96, 99,  5, 22, 15, 13, 11,
        26,  9,  7,  6, 29])
Indices prune tensor([48, 34,  3, 87, 89, 12, 19, 41, 31, 45, 92, 44, 38, 91, 14, 90,  2, 85,
        24, 86, 70, 17, 25, 23, 57,  4, 97, 28,  0, 53, 50, 95, 33, 10, 36, 49,
        80, 78, 16])
Remaining indices tensor([75, 68, 46, 66, 64,  8, 20, 94, 43, 72, 30, 40, 73, 67, 56, 59, 98, 27,
        18, 21])
property no 102
Initial sparsity 64
Optimal Sparsity 42
zero indices tensor([57, 27, 31, 90, 33, 34, 41, 43, 86, 48, 85, 53, 56, 88, 82, 59, 79, 61,
        63, 66, 68, 69, 75, 73, 74, 25,  9, 13,  6,  5,  4, 21, 12, 10, 98, 93])
Indices prune tensor([80, 16, 42, 15, 87, 20, 54, 23,  0, 78, 60, 72, 55, 24, 92, 28, 51, 76,
        50, 77, 26, 30])
Remaining indices tensor([37, 97, 62, 36, 47, 58, 67, 11, 71, 19, 46, 64, 81, 65, 70, 35, 40, 91,
        84, 39,  3,  2, 49, 45,  1, 44, 32, 89, 29, 96, 95, 14, 94, 52, 38, 17,
        18, 22, 99, 83,  8,  7])
property no 103
Initial sparsity 63
Optimal Sparsity 31
zero indices tensor([42, 22, 77, 69, 31, 33, 68, 67, 37, 65, 40, 91, 64, 63, 47, 93, 60, 53,
        57, 55, 56, 20, 83,  8, 11, 21, 81,  7,  6, 79, 97, 18,  5, 84,  3, 96,
         2])
Indices prune tensor([58, 89, 41, 61, 51,  9, 71, 72, 50, 86, 44, 92, 98, 54, 76, 26, 32, 23,
        28, 25, 46, 48, 39, 36, 16, 35, 73, 34, 82, 75, 49, 74])
Remaining indices tensor([88, 80, 15, 43, 85, 12, 29, 66, 78, 52, 90, 10, 87, 24, 19, 94, 38,  1,
        95,  4, 62, 17, 45, 14, 27,  0, 30, 13, 99, 70, 59])
property no 104
Initial sparsity 71
Optimal Sparsity 5
zero indices tensor([66, 41, 38, 37, 50, 32, 59, 29, 60, 27, 24, 64, 19, 69, 16, 87, 98, 93,
         3,  4,  5,  6, 91, 70, 82, 78, 75, 74, 13])
Indices prune tensor([68, 34, 62, 96, 77,  7, 20, 45, 61, 81, 92, 47,  1, 26, 28, 73, 44, 23,
        48, 94, 33, 97, 40, 18, 15, 43, 22, 56,  0, 14, 89, 11, 95, 76, 58, 42,
        65, 84, 25, 86, 55, 85, 53, 31, 39, 99,  2, 79, 57, 88, 10, 30, 49, 80,
        52, 54,  9, 36, 71, 17, 12, 51, 46, 72, 83,  8])
Remaining indices tensor([67, 35, 90, 63, 21])
property no 105
Initial sparsity 52
Optimal Sparsity 52
zero indices tensor([50, 63, 61, 60, 59, 58, 55, 54, 51, 64, 47, 46, 43, 42, 41, 40, 39, 37,
        78, 98, 93, 92, 91, 90, 88, 84, 82,  1, 76, 75, 74, 73, 70, 69, 65,  8,
        25, 35,  7, 32, 26, 11, 14, 20,  6,  5, 16, 18])
Indices prune tensor([], dtype=torch.int64)
Remaining indices tensor([87, 68, 24, 34, 62, 96, 77, 45, 81, 28, 44, 23, 13, 48,  3, 94, 33, 97,
        38, 15, 22, 56,  0, 89, 95, 19,  4, 86, 85, 53, 31, 99,  2, 79, 57, 10,
        66, 30, 49, 80, 52,  9, 36, 71, 27, 17, 12, 72, 83, 67, 29, 21])
property no 107
Initial sparsity 73
Optimal Sparsity 15
zero indices tensor([79, 21, 90, 25, 27, 86, 33, 83, 82, 81, 43, 99, 48, 52, 53, 54, 75, 68,
        69, 73, 74, 13, 12, 10,  5,  8,  6])
Indices prune tensor([85, 80,  9, 16, 42, 15, 87, 20, 23,  0, 78, 60, 72, 55, 24, 92, 28, 51,
        76, 50, 77, 26, 30, 37,  4, 31, 97, 62, 61, 36, 66, 47, 58, 67, 11, 34,
        71, 19, 46, 64, 65, 70, 35, 40, 91, 57, 84, 39,  3,  2, 49, 45,  1, 44,
        56, 32, 89, 29])
Remaining indices tensor([96, 95, 41, 14, 94, 88, 98, 38, 17, 18, 22, 93,  7, 59, 63])
property no 109
Initial sparsity 53
Optimal Sparsity 17
zero indices tensor([40, 27, 85, 30, 31, 83, 82, 34, 35, 36, 37, 38, 78, 86, 41, 75, 43, 73,
        69, 46, 68, 48, 66, 63, 59, 57, 25,  0,  4,  5,  6, 97,  8, 10, 94, 13,
        93, 92, 90, 87, 24, 91, 22, 21, 20, 19, 18])
Indices prune tensor([ 3, 84, 89, 15, 71, 26, 12, 96, 61, 81, 77, 51, 45, 44,  9, 55, 14, 58,
        74, 42, 65, 52,  2, 39, 70, 17, 54, 23, 28, 53, 50, 95, 99, 33,  7, 49])
Remaining indices tensor([80, 11, 47,  1, 16, 29, 60, 64, 88, 62, 72, 32, 76, 79, 67, 56, 98])
property no 111
Initial sparsity 55
Optimal Sparsity 28
zero indices tensor([65, 30, 32, 36, 39, 40, 41, 44, 45, 47, 49, 50, 59, 63, 64,  1, 68, 69,
        70, 73, 74, 78, 80, 83, 84, 86, 91, 93, 97, 20, 14,  6,  5, 17,  8,  4,
        18, 19, 12, 21, 11,  0, 27, 23, 26])
Indices prune tensor([ 2, 57, 15, 24, 38, 87, 10, 33, 76, 58, 56, 95, 72, 94, 89, 79, 71, 77,
        48, 62, 53, 60, 67, 42, 66, 37, 25])
Remaining indices tensor([81,  3, 99, 34, 13,  9, 85, 55, 92, 96, 31, 16, 22, 46, 88, 35, 82, 90,
        54, 61, 43, 52, 51, 28,  7, 75, 98, 29])
property no 116
Initial sparsity 61
Optimal Sparsity 40
zero indices tensor([56, 28, 29, 30, 32, 35, 36, 37, 38, 39, 41, 44,  0, 54, 50, 58, 60, 62,
        69, 74, 78, 80, 91, 95, 97, 98, 99, 20,  6, 14, 18,  5, 21, 22, 11, 23,
         2, 25,  1])
Indices prune tensor([57, 15, 24, 87, 49, 10, 33, 84, 76,  4, 72, 94, 86, 89, 79, 45, 71, 77,
        48, 53, 67])
Remaining indices tensor([68, 42, 66, 81,  3, 34, 13,  9, 73, 65, 85, 12, 55, 92, 83, 26, 96, 31,
        17, 70, 16, 47, 46, 40, 88, 27, 19, 82, 90, 64, 61, 43, 52, 51, 59,  8,
         7, 75, 93, 63])
property no 120
Initial sparsity 71
Optimal Sparsity 25
zero indices tensor([16, 32, 56, 58, 34, 63, 27, 64, 25, 55, 69, 37, 71, 73, 75,  9, 46,  0,
        88,  5,  6,  7, 87, 76, 39, 38, 78, 13, 77])
Indices prune tensor([84, 65, 82,  1, 85, 60, 86, 62, 49, 31, 50, 57, 44,  3, 53, 23, 67, 30,
        45, 33, 83, 48, 40, 41, 91,  2, 70, 51, 28, 94, 36, 18, 72, 15, 47, 99,
        68, 74, 24, 42, 14, 12, 52,  4, 43, 95])
Remaining indices tensor([10, 35, 89, 26, 17, 80, 96, 97, 98, 61, 66, 81, 11, 54, 20, 19, 92, 79,
        93, 29, 59,  8, 90, 22, 21])
property no 124
Initial sparsity 64
Optimal Sparsity 11
zero indices tensor([58, 29, 30, 32, 35, 36, 43, 47, 50, 51, 53, 54, 55, 57,  1, 59, 60, 69,
        71, 72, 74, 75, 77, 78, 81, 88, 91, 14,  6, 11, 20, 23,  7, 24, 18,  5])
Indices prune tensor([84, 34, 65, 82, 85, 86, 62, 49, 76, 31, 13, 44,  3, 67, 45, 38, 33, 83,
        48, 87, 40, 41,  2, 27, 70, 28, 94, 15,  9, 99, 68, 64, 42, 25, 12, 73,
        52,  4, 95, 10, 89, 26, 17, 80, 96, 97, 16, 46, 98, 61, 66,  0, 39])
Remaining indices tensor([56, 19, 92, 79, 93, 37, 63,  8, 90, 22, 21])
property no 131
Initial sparsity 63
Optimal Sparsity 5
zero indices tensor([38, 22, 64, 83, 65, 28, 53, 74, 32, 66, 34, 55, 40, 72, 42, 43, 71, 69,
        47,  0, 51, 20, 60,  2, 98,  5,  6,  7, 61, 95, 11, 93, 14, 63, 19, 58,
        88])
Indices prune tensor([87, 68, 24, 62, 96, 77, 45, 81, 92,  1, 26, 73, 50, 44, 23, 13, 48,  3,
        94, 33, 97, 18, 15, 56, 16, 78, 89, 76, 84,  4, 25, 86, 85, 31, 39, 99,
        79, 57, 10, 30, 49, 80, 52, 54,  9, 36, 41, 82, 91, 37, 27, 17, 12, 46,
         8, 67, 75, 35])
Remaining indices tensor([90, 70, 29, 59, 21])
property no 133
Initial sparsity 62
Optimal Sparsity 8
zero indices tensor([47, 66, 65, 64, 60, 57, 53, 27, 49, 29, 20, 32, 33, 46, 35, 37, 45, 43,
        42, 79,  1, 97, 95,  4,  5,  6, 83, 82, 69, 77, 11, 12, 76, 74, 15, 16,
        71, 70])
Indices prune tensor([25,  3, 48, 96, 23, 24, 26, 68, 54, 86, 67,  0, 55, 10, 50, 75, 85, 88,
        94, 56, 22, 72, 91, 62, 51,  2, 98, 34, 31, 99, 58, 84, 52, 30, 80, 44,
        87, 90, 14, 78, 13, 89,  7,  9, 18, 73, 17, 41, 61, 38, 36, 39, 19, 28])
Remaining indices tensor([92, 40, 81, 59,  8, 93, 21, 63])
property no 134
Initial sparsity 64
Optimal Sparsity 43
zero indices tensor([39, 84, 83, 26, 82, 32, 81, 80, 78, 36, 37, 77, 30, 71, 69, 46, 47, 66,
        65, 53, 64, 55, 60, 22,  6,  5, 96, 97,  2, 11, 93, 15, 16, 18, 20, 17])
Indices prune tensor([87, 68, 24, 34, 74, 62,  7, 45, 61, 92,  1, 28, 73, 50, 44, 23, 13, 48,
         3, 94, 33])
Remaining indices tensor([40, 38, 43, 98, 56,  0, 14, 89, 95, 76, 19, 58, 42,  4, 25, 86, 85, 31,
        99, 79, 57, 88, 10, 49, 52, 54,  9, 41, 91, 27, 12, 51, 72,  8, 67, 75,
        35, 90, 70, 63, 29, 59, 21])
property no 136
Initial sparsity 65
Optimal Sparsity 48
zero indices tensor([74, 82, 21, 79, 24, 46, 78, 27, 61, 43, 20, 63, 73, 72, 69, 68, 37, 40,
        39, 53, 55, 54, 97,  4,  5,  6, 93,  8,  9, 18, 11, 91, 50, 16, 48])
Indices prune tensor([25, 65,  3, 96, 23, 26, 64, 49, 86, 67,  0,  1, 10, 77, 95, 75, 85])
Remaining indices tensor([15, 45, 88, 47, 94, 56, 22, 66, 71, 62, 12, 70, 51,  2, 33, 98, 34, 31,
        83, 99, 58, 29, 84, 52, 35, 30, 57, 80, 44, 87, 90, 76, 14, 13, 89,  7,
        60, 17, 42, 41, 38, 36, 19, 28, 92, 32, 81, 59])
property no 137
Initial sparsity 70
Optimal Sparsity 1
zero indices tensor([58, 18, 64, 20, 60, 22, 23, 24, 25, 65, 53, 48, 45, 40, 38, 32, 33, 35,
        69,  2,  5,  6,  7, 96, 93, 84, 11, 78, 74, 71])
Indices prune tensor([34,  3, 87, 89, 15, 26, 12, 19, 61, 81, 41, 77, 31, 51, 92, 44,  9, 13,
        55, 91, 14, 83, 90, 42, 52, 82, 85, 86, 39, 70, 17, 54, 57,  4, 97, 28,
         0, 50, 95, 99, 10, 36, 49, 80, 47,  1, 16, 75, 68, 46, 29, 66,  8, 94,
        43, 88, 62, 72, 30, 76, 79, 73, 37, 67, 56, 59, 98, 27, 21])
Remaining indices tensor([63])
property no 142
Initial sparsity 67
Optimal Sparsity 39
zero indices tensor([51, 24, 25, 27, 93, 32, 36, 37, 39, 40, 43, 47,  0, 53, 58, 60, 65, 66,
        67, 68, 69, 77, 71, 72, 97, 11, 94, 15, 17, 18, 19,  5,  6])
Indices prune tensor([48, 85, 80,  9, 16, 42, 87, 20, 54, 23, 78, 55, 92, 28, 76, 50, 26, 30,
         4, 31, 62, 61, 74, 34, 75, 86, 79, 12])
Remaining indices tensor([46, 64, 81, 70, 35, 91, 57, 84, 73,  3,  2, 49, 45, 13,  1, 44, 56, 10,
        89, 29, 96, 95, 41, 90, 82, 14, 33, 52, 88, 98, 38, 22, 99, 83,  8,  7,
        59, 63, 21])
property no 145
Initial sparsity 64
Optimal Sparsity 42
zero indices tensor([39, 81, 78, 76, 69, 67, 31, 32, 65, 35, 64, 37, 77, 40, 63, 60, 58, 46,
        57, 49,  0, 51, 56, 55, 22, 97,  4, 21, 20,  5,  6, 93, 16,  9, 89, 82])
Indices prune tensor([48, 34,  3, 84, 87, 15, 71, 26, 12, 96, 19, 61, 41, 45, 92, 44, 13, 38,
        91, 14, 83, 90])
Remaining indices tensor([74, 42, 52,  2, 85, 24, 86, 70, 17, 25, 54, 23, 28, 53, 50, 95, 99, 33,
        10,  7, 36, 80, 11, 47,  1, 75, 68, 29, 66,  8, 94, 43, 88, 62, 72, 30,
        79, 73, 59, 98, 27, 18])
property no 146
Initial sparsity 74
Optimal Sparsity 48
zero indices tensor([53, 41, 40, 47, 33, 31, 48, 93, 86, 94, 26, 25, 85, 22, 57,  5,  6, 83,
        68,  2, 76, 69, 73,  4, 66,  9])
Indices prune tensor([80, 16, 42, 15, 87, 20, 54, 23,  0, 78, 60, 72, 55, 24, 43, 92, 28, 51,
        50, 77, 30, 37, 97, 62, 61, 36])
Remaining indices tensor([58, 74, 67, 11, 34, 75, 79, 12, 71, 19, 46, 64, 81, 65, 70, 35, 91, 84,
        39,  3, 49, 45, 13,  1, 44, 56, 32, 10, 89, 29, 96, 95, 90, 82, 14, 52,
        88, 98, 38, 17, 18, 99,  8,  7, 27, 59, 63, 21])
property no 150
Initial sparsity 67
Optimal Sparsity 22
zero indices tensor([40, 21, 80, 78, 27, 32, 69, 35, 37, 38, 39,  0, 64, 46, 47, 63, 49, 60,
        55, 56, 57, 81, 92, 91,  5,  6,  7, 11, 84, 83, 16, 20, 18])
Indices prune tensor([77, 34, 65, 82,  1, 85, 86, 62, 76, 31, 50, 13, 44,  3, 53, 23, 67, 30,
        45, 33, 48, 87, 41,  2, 70, 51, 28, 94, 36, 72, 15,  9, 99, 68, 74, 24,
        42, 25, 14, 12, 73, 52,  4, 43, 71])
Remaining indices tensor([95, 58, 10, 89, 26, 17, 96, 97, 98, 61, 66, 54, 75, 88, 19, 79, 93, 29,
        59,  8, 90, 22])
property no 151
Initial sparsity 49
Optimal Sparsity 43
zero indices tensor([59, 35, 36, 37, 40, 41, 43, 44, 88, 48, 50, 87, 86, 53, 54, 85, 39, 84,
        63, 83, 66, 67, 68, 69, 82, 80, 73, 74, 75, 76, 78, 25, 31, 16, 18, 91,
        20, 21, 22, 93,  9, 26,  8,  7,  6,  5, 29, 30,  4,  2, 98])
Indices prune tensor([65,  3, 96, 23, 24, 64])
Remaining indices tensor([49,  0,  1, 55, 10, 77, 95, 15, 45, 97, 47, 94, 56, 72, 71, 62, 12, 70,
        51, 33, 79, 34, 99, 58, 52, 57, 90, 14, 13, 89, 60, 17, 27, 42, 61, 38,
        19, 28, 92, 46, 32, 81, 11])
property no 157
Initial sparsity 63
Optimal Sparsity 1
zero indices tensor([35, 83, 82, 78, 25, 27, 77, 55, 32, 74, 34, 58, 37, 39, 71, 70, 69, 46,
        47, 64, 59, 63, 21, 57,  5,  6,  7, 93,  9, 10, 11, 92, 13, 16, 91, 56,
        84])
Indices prune tensor([65,  3, 48, 96, 23, 24, 26, 68, 54, 49, 86, 67,  0,  1, 50, 95, 75, 85,
        15, 45, 97, 88, 94, 22, 72, 66, 62, 12, 51,  2, 33, 79, 98, 31, 99,  4,
        29, 52, 30, 80, 43, 44, 87, 90, 76, 20, 14, 89, 53, 18, 73, 60, 17, 42,
        41, 61, 38, 36, 19, 28, 40, 81])
Remaining indices tensor([8])
property no 159
Initial sparsity 76
Optimal Sparsity 73
zero indices tensor([58, 32, 35, 29, 38, 24, 40, 51, 20, 53, 56, 63, 13, 11,  1, 88, 76, 71,
         5,  6,  7, 69, 10, 64])
Indices prune tensor([48, 74, 65])
Remaining indices tensor([77, 55, 15, 84, 85, 95, 91, 80, 43, 31, 33, 26, 97, 66, 54, 57, 34, 46,
        47, 28, 75,  9, 49, 17, 42, 41, 93, 98, 92, 94, 16, 82, 67, 61, 96, 81,
        83, 86, 37, 30,  0, 12,  2, 78, 44, 90, 25, 87, 60,  3, 79, 19, 72, 89,
        21, 23, 68,  4, 39, 62, 52,  8, 70, 50, 36, 27, 99, 14, 73, 45, 59, 18,
        22])
property no 164
Initial sparsity 63
Optimal Sparsity 40
zero indices tensor([61, 25, 27, 31, 34, 35, 39, 40, 42, 51, 53, 55, 58, 50, 63, 64, 69, 75,
        76, 82, 87, 88, 90, 93, 99, 16, 10,  6, 11,  7, 14, 24,  5, 21, 20,  8,
        13])
Indices prune tensor([77, 84, 65,  1, 85, 60, 86, 62, 49, 57, 44,  3, 23, 67, 30, 45, 38, 33,
        83, 48, 41, 91, 78])
Remaining indices tensor([ 2, 70, 28, 94, 36, 18, 72, 15,  9, 47, 68, 74, 12, 73, 32, 52,  4, 43,
        71, 95, 89, 26, 17, 80, 96, 97, 46, 98, 66,  0, 81, 54, 56, 19, 92, 79,
        29, 37, 59, 22])
property no 166
Initial sparsity 67
Optimal Sparsity 12
zero indices tensor([34, 20, 69, 22, 64, 25, 60, 58, 32, 55, 65, 35, 37, 38, 39, 40, 51, 43,
        46, 11, 96, 93, 92,  5,  6,  7,  8, 81, 10, 77, 75, 16, 17])
Indices prune tensor([84, 82,  1, 85, 86, 62, 49, 76, 31, 50, 13, 57, 44,  3, 53, 23, 67, 30,
        45, 33, 83, 48, 87, 41, 91, 78,  2, 27, 70, 28, 94, 36, 18, 72, 15,  9,
        47, 99, 68, 74, 24, 42, 14, 12, 73, 52,  4, 71, 95, 89, 26, 80, 97, 98,
        61])
Remaining indices tensor([66,  0, 54, 88, 56, 19, 79, 29, 63, 59, 90, 21])
property no 173
Initial sparsity 69
Optimal Sparsity 30
zero indices tensor([62, 24, 28, 29, 35, 36, 38, 41, 50, 51, 54, 56,  1, 63, 66, 69, 71, 74,
        75, 79, 82, 83, 93, 98,  6, 14, 13,  5, 11,  8,  7])
Indices prune tensor([77, 84, 34, 65, 85, 60, 86, 49, 76, 31, 57, 44,  3, 53, 23, 67, 30, 45,
        33, 48, 87, 40, 91, 78,  2, 27, 70, 94, 18, 72, 15,  9, 55, 47, 99, 68,
        64, 42, 25])
Remaining indices tensor([12, 73, 32, 52,  4, 43, 95, 58, 10, 89, 26, 17, 80, 96, 97, 16, 46, 61,
         0, 81, 20, 39, 88, 19, 92, 37, 59, 90, 22, 21])
property no 174
Initial sparsity 75
Optimal Sparsity 49
zero indices tensor([55, 23, 27, 29, 32, 35, 40, 42, 50, 51,  1, 63, 64, 66, 69, 71, 74, 86,
        91, 93,  3, 13,  6,  5,  4])
Indices prune tensor([25, 65, 48, 96, 24, 26, 68, 54, 49, 67,  0, 10, 77, 95, 75, 85, 15, 45,
        97, 88, 47, 94, 56, 22, 72, 62])
Remaining indices tensor([12, 70,  2, 33, 79, 98, 34, 31, 83, 99, 58, 84, 52, 30, 57, 82, 80, 43,
        44, 87, 90, 76, 20, 14, 78, 89,  7,  9, 16, 53, 18, 73, 37, 60, 17, 41,
        61, 38, 36, 39, 19, 28, 92, 46, 81, 59,  8, 21, 11])
property no 175
Initial sparsity 61
Optimal Sparsity 48
zero indices tensor([56, 27, 31, 32, 93, 35, 38, 39, 78, 45, 47, 53, 55, 37, 57, 58, 59, 60,
        61, 63, 64, 88, 69, 70, 72, 73, 25, 13, 14, 98, 11,  9,  7,  6, 20,  5,
         4,  2, 84])
Indices prune tensor([74, 65,  3, 48, 96, 23, 24, 26, 68, 54, 49, 86, 67])
Remaining indices tensor([ 0,  1, 10, 77, 50, 95, 75, 85, 15, 97, 94, 22, 66, 71, 91, 62, 12, 51,
        33, 79, 34, 83, 99, 29, 52, 30, 82, 80, 43, 44, 87, 90, 76, 89, 16, 18,
        17, 42, 41, 36, 19, 28, 92, 40, 46, 81,  8, 21])
property no 185
Initial sparsity 69
Optimal Sparsity 15
zero indices tensor([55, 28, 32, 34, 36, 38, 40, 41, 43,  0, 51, 52, 50, 56, 58, 65, 69, 74,
        76, 80, 88, 90, 94, 99,  5,  6,  7, 10, 11, 17, 18])
Indices prune tensor([77, 84, 82,  1, 85, 60, 86, 62, 49, 31, 13, 57, 44,  3, 53, 23, 67, 30,
        45, 33, 83, 48, 87, 91, 78,  2, 27, 70, 72, 15,  9, 47, 68, 24, 64, 42,
        25, 14, 12, 73,  4, 71, 95, 35, 89, 26, 96, 97, 16, 46, 98, 61, 66, 81])
Remaining indices tensor([54, 20, 75, 39, 19, 92, 79, 93, 29, 37, 63, 59,  8, 22, 21])
property no 196
Initial sparsity 61
Optimal Sparsity 9
zero indices tensor([63, 71, 25, 27, 28, 68, 67, 32, 33, 66, 36, 65, 69, 61, 55, 43, 53, 45,
        46, 47, 52, 49, 50, 51, 73, 98, 93,  5,  6, 12, 13, 77, 75, 17, 72, 18,
        19, 21, 74])
Indices prune tensor([84, 34, 82,  1, 85, 60, 86, 62, 76, 31, 57, 44,  3, 23, 30,  7, 38, 83,
        48, 87, 40, 41, 91, 78,  2, 70, 94, 15,  9, 99, 24, 64, 42, 14,  4, 95,
        58, 10, 35, 89, 26, 80, 96, 97, 16,  0, 81, 11, 54, 20, 39, 88])
Remaining indices tensor([56, 92, 79, 29, 37, 59,  8, 90, 22])
property no 197
Initial sparsity 60
Optimal Sparsity 9
zero indices tensor([34, 69, 25, 26, 68, 65, 60, 56, 55, 32, 54, 22, 35, 51, 37, 50, 39, 40,
        41, 42, 46, 45, 90,  0, 97, 96, 94,  5,  6, 93, 92, 11, 77, 14, 15, 76,
        18, 75, 20, 74])
Indices prune tensor([84, 82,  1, 85, 86, 62, 49, 31, 13, 57, 44,  3, 53, 23, 67, 30,  7, 38,
        33, 83, 48, 87, 91, 78,  2, 27, 70, 28, 36, 72,  9, 47, 99, 24, 64, 12,
        73, 52,  4, 43, 71, 95, 58, 10, 89, 17, 80, 16, 98, 61, 66])
Remaining indices tensor([81, 88, 19, 79, 29, 63, 59,  8, 21])
property no 199
Initial sparsity 70
Optimal Sparsity 8
zero indices tensor([17, 56, 32, 31, 34, 60, 63, 27, 50, 25, 38, 48, 20, 19, 18, 69, 41, 44,
        97, 42, 94,  5,  6, 93, 92, 73, 78, 75, 74, 14])
Indices prune tensor([77, 84, 65, 82,  1, 85, 86, 62, 49, 76, 13, 57,  3, 53, 23, 67, 30,  7,
        45, 33, 83, 87, 40, 91,  2, 70, 51, 28, 36, 72, 15,  9, 55, 47, 99, 68,
        24, 64, 12, 52,  4, 43, 71, 95, 58, 10, 35, 89, 26, 80, 96, 16, 46, 98,
        61, 66,  0, 81, 11, 54, 39, 88])
Remaining indices tensor([79, 29, 37, 59,  8, 90, 22, 21])
property no 202
Initial sparsity 65
Optimal Sparsity 1
zero indices tensor([44, 23, 24, 26, 29, 30, 32, 76, 35, 36, 38, 41,  1, 71, 48, 51, 69, 54,
        55, 65, 57, 60, 64, 21,  5, 93, 11, 91, 96, 88, 17,  6,  7, 20, 97])
Indices prune tensor([77, 84, 34, 82, 85, 86, 62, 49, 31, 50, 13,  3, 53, 67, 45, 33, 83, 87,
        40, 78,  2, 27, 70, 28, 94, 18, 72, 15,  9, 47, 99, 68, 74, 42, 25, 14,
        12, 73, 52,  4, 43, 95, 58, 10, 89, 80, 16, 46, 98, 61, 66,  0, 81, 75,
        39, 56, 19, 92, 79, 37, 63, 59,  8, 90])
Remaining indices tensor([22])
property no 203
Initial sparsity 67
Optimal Sparsity 1
zero indices tensor([66, 30, 31, 36, 40, 41, 45, 47, 53, 55, 56, 60,  1, 69, 70, 72, 78, 80,
        81, 84, 86, 93, 95, 99,  5,  6,  7, 22, 11,  3, 21,  2, 20])
Indices prune tensor([48, 34, 87, 89, 15, 71, 26, 12, 96, 19, 61, 77, 51, 92, 44,  9, 35, 13,
        38, 91, 14, 83, 58, 90, 74, 42, 65, 52, 82, 85, 24, 39, 17, 25, 54, 23,
        57,  4, 97, 28,  0, 50, 33, 10, 49, 16, 75, 68, 46, 29, 64,  8, 94, 43,
        88, 62, 32, 76, 79, 73, 37, 67, 59, 98, 27, 18])
Remaining indices tensor([63])
property no 204
Initial sparsity 69
Optimal Sparsity 1
zero indices tensor([36, 82, 21, 81, 25, 74, 71, 28, 69, 64, 75, 38, 57, 40, 56, 43, 55, 48,
        46, 47,  6, 17,  2,  7, 91, 13,  8,  9,  5, 83, 93])
Indices prune tensor([87, 68, 24, 34, 62, 60, 96, 77, 20, 45, 61, 92,  1, 26, 73, 50, 44, 23,
         3, 94, 33, 97, 18, 15, 98, 22,  0, 16, 14, 78, 89, 11, 95, 32, 76, 19,
        58, 42, 65, 84,  4, 86, 85, 53, 31, 39, 99, 79, 88, 10, 66, 30, 49, 80,
        52, 54, 41, 37, 27, 12, 51, 72, 67, 35, 90, 70, 63, 29])
Remaining indices tensor([59])
property no 207
Initial sparsity 71
Optimal Sparsity 63
zero indices tensor([68, 24, 25, 30, 33, 34, 45, 49, 53, 59, 62, 50, 69, 71, 73, 74, 83, 85,
        86, 89, 93, 99,  2, 13,  5, 12, 17, 10,  6])
Indices prune tensor([15, 44, 16, 95, 55, 51, 72, 40])
Remaining indices tensor([78, 64, 23, 96, 32, 91, 37,  9, 54, 57, 58, 36, 28, 41, 77, 65, 39, 48,
        79, 75, 67, 46, 20, 11,  1, 60, 88, 98, 97, 52, 90, 43, 82, 61, 80, 47,
        35, 94, 81, 92, 84, 56, 26,  4,  7,  3, 87, 29, 14, 66, 19, 42, 38, 31,
        18, 76, 22, 70, 21,  0,  8, 27, 63])
property no 208
Initial sparsity 70
Optimal Sparsity 1
zero indices tensor([48, 69, 20, 68, 66, 64, 60, 53, 49, 18, 30, 47, 32, 33, 45, 43, 40, 96,
        94, 93,  5,  6,  8, 90, 71, 10, 12, 83, 72, 15])
Indices prune tensor([34,  3, 84, 87, 89, 26, 19, 61, 81, 41, 77, 31, 51, 92, 44,  9, 35, 13,
        38, 55, 91, 14, 58, 74, 42, 65, 52,  2, 82, 85, 24, 86, 39, 70, 17, 25,
        54, 23, 57,  4, 97, 28,  0, 50, 95, 99,  7, 36, 80, 11, 78,  1, 16, 75,
        46, 29, 22, 88, 62, 76, 79, 73, 37, 67, 56, 59, 98, 27, 21])
Remaining indices tensor([63])
property no 217
Initial sparsity 74
Optimal Sparsity 3
zero indices tensor([36, 19, 71, 69, 25, 27, 29, 32, 34, 98, 38, 63, 43, 60, 59, 53, 55,  5,
         6, 74, 88,  9, 14, 13, 93, 78])
Indices prune tensor([65,  3, 48, 96, 23, 24, 26, 68, 64, 54, 49, 86, 67,  0,  1, 10, 77, 50,
        95, 75, 85, 15, 45, 97, 47, 94, 56, 22, 72, 66, 91, 62, 12, 70, 51,  2,
        33, 79, 31, 83, 99,  4, 58, 84, 52, 35, 30, 57, 82, 80, 44, 87, 90, 76,
        20, 89,  7, 16, 18, 73, 37, 17, 42, 41, 61, 39, 28, 92, 40, 46, 81])
Remaining indices tensor([ 8, 21, 11])
property no 220
Initial sparsity 67
Optimal Sparsity 1
zero indices tensor([67, 27, 32, 36, 37, 44, 45, 46, 49, 50, 54, 55, 60,  1, 69, 72, 73, 74,
        78, 80, 87, 89, 93, 95, 97, 25,  6,  0, 23,  5, 22, 21, 20])
Indices prune tensor([48, 34,  3, 84, 15, 71, 26, 12, 96, 19, 61, 81, 41, 77, 31, 51, 92,  9,
        35, 13, 38, 91, 14, 83, 58, 90, 42, 65, 52,  2, 82, 85, 24, 86, 39, 70,
        17, 57,  4, 28, 53, 99, 33, 10,  7, 11, 47, 16, 75, 68, 29, 66, 64,  8,
        94, 43, 88, 62, 30, 76, 40, 79, 56, 59, 98, 18])
Remaining indices tensor([63])
property no 222
Initial sparsity 66
Optimal Sparsity 46
zero indices tensor([59, 20, 21, 22, 69, 67, 25, 63, 27, 70, 56, 55, 31, 50, 39, 35, 36, 38,
        87,  0, 93, 92,  4,  5,  6,  7, 88, 18, 10, 86, 79, 78, 74, 73])
Indices prune tensor([65,  3, 48, 96, 23, 24, 26, 68, 64, 54, 49,  1, 77, 95, 75, 85, 15, 45,
        97, 47])
Remaining indices tensor([94, 72, 66, 71, 91, 62, 12, 51,  2, 33, 98, 34, 83, 99, 58, 29, 84, 52,
        30, 57, 82, 80, 43, 44, 90, 76, 14, 13, 89,  9, 16, 53, 37, 60, 17, 42,
        41, 61, 19, 28, 40, 46, 32, 81,  8, 11])
property no 225
Initial sparsity 66
Optimal Sparsity 47
zero indices tensor([73, 51, 20, 21, 46, 91, 93, 26, 68, 18, 69, 40, 39, 32, 70, 34, 38, 37,
        67, 63, 81, 61,  4,  5,  6, 58, 54,  9, 11, 79, 13, 97, 16, 78])
Indices prune tensor([25, 74, 65,  3, 48, 96, 23, 24, 64, 49, 86,  0,  1, 55, 10, 77, 50, 95,
        75])
Remaining indices tensor([85, 15, 45, 88, 47, 94, 56, 22, 72, 66, 71, 62, 12,  2, 33, 98, 31, 83,
        99, 29, 84, 52, 35, 30, 57, 82, 80, 43, 44, 87, 90, 76, 14, 89,  7, 53,
        60, 17, 27, 42, 41, 36, 19, 28, 92, 59,  8])
property no 230
Initial sparsity 62
Optimal Sparsity 52
zero indices tensor([31, 78, 22, 76, 56, 26, 74, 73, 57, 30, 55, 70, 33, 69, 68, 67, 66, 40,
        65, 89, 50, 51, 94,  4,  5,  6, 93,  8, 48, 10, 79, 12, 13, 53, 86, 46,
        85, 82])
Indices prune tensor([15, 44, 16, 95, 49, 72, 64, 23, 96, 32])
Remaining indices tensor([91, 37,  9, 54, 58, 36, 28, 41, 77, 39, 75, 71, 20, 11,  1, 34, 60, 88,
        98, 97, 52, 90, 43, 61, 80, 47, 35, 24, 81, 92,  2, 17, 84, 25,  7,  3,
        99, 87, 29, 62, 14, 83, 19, 42, 38, 18, 45, 21,  0, 27, 63, 59])
property no 231
Initial sparsity 58
Optimal Sparsity 1
zero indices tensor([32, 22, 68, 24, 91, 82, 84, 47, 29, 90, 44, 21, 33, 61, 65, 36, 37, 64,
        39, 40, 63, 42, 11, 81, 54,  3,  4,  5,  6, 57, 73,  9, 97, 52, 13, 70,
        93, 69, 51, 58, 19, 20])
Indices prune tensor([87, 34, 74, 62, 60, 96, 77,  7, 45, 92,  1, 26, 28, 50, 23, 48, 94, 18,
        38, 15, 43, 98, 56,  0, 16, 14, 78, 89, 95, 76, 25, 86, 55, 85, 53, 31,
        99,  2, 79, 88, 10, 66, 30, 49, 80, 41, 71, 27, 17, 12, 46, 72, 83,  8,
        67, 75, 35])
Remaining indices tensor([59])
property no 232
Initial sparsity 65
Optimal Sparsity 20
zero indices tensor([69, 27, 29, 44, 46, 47,  0, 53, 56, 57, 62, 63, 67, 50, 72, 73, 74, 75,
        77, 79, 82, 84, 93, 95, 99, 20, 13, 22, 12, 10,  9, 21,  6,  5,  1])
Indices prune tensor([15, 16, 68, 49, 55, 51, 40, 78, 64, 23, 96, 32, 91, 37, 54, 58, 36, 28,
        30, 41, 65, 39, 48, 71, 11, 34, 60, 88, 85, 98, 97, 89, 52, 90, 43, 61,
        80, 35, 94, 24, 81, 92,  2, 86, 17])
Remaining indices tensor([25, 26,  4,  7,  3, 87, 14, 66, 83, 19, 42, 33, 38, 31, 18, 76, 45, 70,
         8, 59])
property no 234
Initial sparsity 67
Optimal Sparsity 61
zero indices tensor([35, 75, 74, 25, 73, 27, 71, 70, 32, 69, 34, 99, 37, 64, 39, 63, 61, 43,
        58, 56, 55, 54, 90, 20, 78, 98, 92, 87, 14, 13,  5,  6,  7])
Indices prune tensor([77, 84, 65, 82,  1, 85])
Remaining indices tensor([60, 86, 62, 49, 76, 31, 50, 57, 44,  3, 53, 23, 67, 30, 45, 38, 33, 83,
        48, 40, 41, 91,  2, 51, 28, 94, 36, 18, 72, 15,  9, 47, 68, 24, 42, 12,
        52,  4, 95, 10, 89, 26, 17, 80, 96, 97, 16, 46, 66,  0, 81, 11, 88, 19,
        79, 93, 29, 59,  8, 22, 21])
property no 235
Initial sparsity 57
Optimal Sparsity 3
zero indices tensor([35, 76, 25, 26, 75, 28, 29, 30, 71, 69, 66, 23, 58, 55, 38, 39, 40, 54,
        51, 48, 44, 46, 91,  2, 98, 97,  5,  6,  7, 96, 92, 11, 77, 13, 14, 90,
        83, 17, 18, 80, 20, 78,  1])
Indices prune tensor([57, 15, 24, 87, 49, 10, 33, 84, 56, 95,  4, 72, 74, 94, 86, 89, 79, 45,
        62, 53, 60, 67, 68, 42, 41, 37, 81,  3, 99, 34,  9, 36, 73, 65, 85, 12,
         0, 31, 70, 16, 22, 50, 47, 88, 27, 19, 82, 64, 61, 43, 52, 59,  8, 32])
Remaining indices tensor([93, 21, 63])
property no 240
Initial sparsity 65
Optimal Sparsity 1
zero indices tensor([91, 20, 21, 87, 25, 27, 57, 29, 56, 61, 92, 35, 48, 37, 38, 40, 46, 43,
        69,  5,  6,  7, 78, 75,  9, 79, 73, 13, 67, 66, 98,  0, 85, 17, 63])
Indices prune tensor([68, 24, 34, 74, 62, 60, 96, 77, 45, 81, 47,  1, 26, 28, 50, 44, 23,  3,
        94, 33, 97, 18, 15, 22, 16, 14, 89, 11, 95, 32, 76, 19, 58, 42, 65, 84,
         4, 86, 55, 64, 53, 31, 39, 99,  2, 88, 10, 30, 49, 80, 52, 54, 36, 41,
        93, 82, 71, 12, 51, 72, 83,  8, 90, 70])
Remaining indices tensor([59])
property no 243
Initial sparsity 59
Optimal Sparsity 55
zero indices tensor([78, 28, 85, 32, 84, 35, 38, 39, 40, 82, 43, 79, 46, 51,  1, 55, 56, 58,
        59, 74, 61, 62, 63, 64, 67, 69, 71, 72, 27, 91, 92, 93, 20, 14, 22,  7,
         6, 86, 25,  5,  4])
Indices prune tensor([65,  3, 48, 96])
Remaining indices tensor([23, 24, 26, 68, 54, 49,  0, 10, 77, 50, 95, 75, 15, 45, 97, 88, 47, 94,
        66, 12, 70,  2, 33, 98, 34, 31, 83, 99, 29, 52, 30, 57, 80, 44, 87, 90,
        76, 13, 89,  9, 16, 53, 18, 73, 37, 60, 17, 42, 41, 36, 19, 81,  8, 21,
        11])
property no 244
Initial sparsity 59
Optimal Sparsity 36
zero indices tensor([45, 23, 81, 28, 79, 35, 38, 39, 40, 78, 44, 30, 71, 48, 69, 51, 65, 54,
        55, 63, 58, 60, 13,  1,  2,  0,  5,  6,  7, 98,  9, 10, 11, 97, 22, 96,
        17, 93, 20, 83, 21])
Indices prune tensor([57, 15, 24, 87, 49, 33, 84, 76, 56, 95,  4, 72, 74, 94, 86, 89, 77, 62,
        53, 67, 18, 68, 42])
Remaining indices tensor([41, 66, 37, 25,  3, 99, 34, 36, 73, 85, 12, 92, 80, 26, 31, 91, 70, 16,
        50, 47, 46, 88, 27, 19, 82, 90, 64, 61, 43, 52, 59,  8, 14, 32, 75, 29])
property no 257
Initial sparsity 56
Optimal Sparsity 8
zero indices tensor([64, 24, 25, 28, 29, 69, 32, 34, 35, 37, 38, 39, 27, 63, 43, 61, 45, 47,
        58, 50, 55, 53, 54, 75,  0, 98,  3, 93,  5,  6, 91,  8, 88, 87, 11, 13,
        14, 84, 23, 78, 19, 83, 17, 16])
Indices prune tensor([ 2, 57, 15, 49, 10, 33, 44, 76, 56, 95,  4, 72, 74, 94, 86, 89,  1, 79,
        71, 77, 48, 62, 60, 67, 18, 68, 42, 41, 66, 81, 20, 99,  9, 36, 73, 65,
        30, 85, 12, 92, 80, 26, 96, 31, 70, 22, 46, 40])
Remaining indices tensor([82, 90, 52, 51, 59, 97,  7, 21])
property no 265
Initial sparsity 60
Optimal Sparsity 8
zero indices tensor([60, 32, 34, 35, 36, 39, 41, 43, 46, 50, 51, 54, 55, 58, 59,  1, 61, 63,
        65, 69, 73, 74, 75, 76, 83, 88, 90, 91, 93, 97,  7,  9, 11,  6, 14,  5,
        22,  2, 25, 23])
Indices prune tensor([77, 84, 82, 85, 86, 62, 49, 31, 13, 57, 44,  3, 53, 67, 30, 45, 38, 33,
        48, 87, 40, 78, 27, 70, 28, 94, 18, 72, 15, 47, 99, 68, 24, 64, 42, 12,
        52,  4, 71, 95, 10, 89, 26, 17, 80, 96, 16, 98, 66,  0, 81, 20])
Remaining indices tensor([56, 19, 92, 79, 29, 37,  8, 21])
property no 267
Initial sparsity 69
Optimal Sparsity 57
zero indices tensor([56, 25, 26, 29, 85, 38, 44, 48, 78, 53, 55, 37, 57, 59, 60, 76, 63, 64,
        75, 69, 70, 73, 16,  4, 95,  5, 13,  6, 98, 10,  9])
Indices prune tensor([74, 65, 77, 15, 84, 91, 80, 43, 31, 33,  7, 71])
Remaining indices tensor([97, 40, 66, 54, 34, 46, 47, 28, 49, 17, 42, 41, 93, 51, 92, 94, 32, 82,
        67, 88, 58, 61, 96, 11, 81, 83, 86,  1, 30,  0, 12,  2, 24, 90, 87,  3,
        79, 19, 72, 20, 89, 21, 23, 68, 39, 62, 52,  8, 50, 35, 36, 27, 99, 14,
        45, 18, 22])
property no 268
Initial sparsity 71
Optimal Sparsity 1
zero indices tensor([92, 22, 24, 62, 27, 88, 82, 32, 33, 36, 25, 90, 74, 55, 42, 43, 84, 91,
        47, 50, 69,  8,  6,  5, 20, 67, 16, 18, 19])
Indices prune tensor([48, 34,  3, 87, 89, 15, 71, 26, 12, 96, 61, 81, 41, 77, 31, 51, 45, 44,
         9, 35, 13, 38, 14, 83, 58, 65, 52,  2, 85, 86, 39, 70, 17, 54, 23, 57,
         4, 97, 28,  0, 53, 95, 99, 10,  7, 49, 80, 11, 78,  1, 75, 68, 46, 29,
        66, 60, 64, 94, 72, 30, 76, 93, 40, 79, 73, 37, 56, 59, 98, 21])
Remaining indices tensor([63])
property no 272
Initial sparsity 70
Optimal Sparsity 20
zero indices tensor([47, 91, 83, 21, 22, 90, 24, 25, 48, 56, 84, 33, 43, 42, 40, 85, 86, 62,
        81, 82, 73,  5,  6, 71, 69, 68, 95, 13, 66, 59])
Indices prune tensor([80, 53,  9, 16, 15, 87, 20, 54, 23,  0, 78, 60, 72, 55, 92, 28, 51, 76,
        50, 77, 26, 30, 37,  4, 31, 97, 61, 36, 58, 74, 67, 11, 34, 75, 79, 12,
        19, 46, 64, 65, 70, 35, 57, 39,  3,  2, 49, 45,  1, 44])
Remaining indices tensor([32, 10, 89, 29, 96, 41, 14, 94, 52, 88, 98, 38, 17, 18, 93, 99,  8,  7,
        27, 63])
property no 273
Initial sparsity 52
Optimal Sparsity 13
zero indices tensor([53, 28, 30, 31, 79, 33, 78, 40, 41, 43, 76, 75, 48, 74, 98, 54, 55, 56,
        57, 73, 71, 61, 63, 70, 66, 67, 69, 26,  2, 97,  4,  5,  6,  8,  9, 10,
        11, 12, 95, 93, 92, 86, 27, 20, 25, 22, 82, 85])
Indices prune tensor([58, 77, 89,  3, 96, 51, 42, 72, 50, 84, 44, 32, 23, 64, 81, 37, 46, 39,
        36, 16, 35, 34, 65, 49, 88, 80, 15, 29, 68, 47, 52, 90, 60, 87, 24, 83,
        19, 94, 38])
Remaining indices tensor([ 1, 62, 91, 17,  7, 45, 14, 18,  0, 13, 99, 59, 21])
property no 274
Initial sparsity 62
Optimal Sparsity 4
zero indices tensor([63, 71, 69, 25, 26, 27, 65, 29, 32, 64, 35, 70, 37, 61, 60, 59, 58, 42,
        43, 55, 53, 46, 74, 93,  5,  6,  7,  8, 88, 87, 11, 85, 13, 16, 78, 76,
        75,  1])
Indices prune tensor([77, 84, 34, 82, 86, 62, 49, 31, 50, 57, 44,  3, 23, 67, 30, 45, 38, 33,
        83, 48, 40, 41, 91,  2, 51, 28, 94, 36, 18, 72, 15,  9, 47, 99, 68, 24,
        14, 12, 73, 52,  4, 95, 10, 89, 17, 80, 96, 97, 98, 66,  0, 81, 54, 20,
        39, 56, 19, 92])
Remaining indices tensor([79, 90, 22, 21])
property no 276
Initial sparsity 62
Optimal Sparsity 11
zero indices tensor([64, 78, 27, 28, 31, 32, 75, 70, 38, 39, 69, 66, 98, 47, 61, 50, 51, 60,
        53, 55, 56, 57, 58,  6, 13, 14, 88, 11,  9, 93,  7,  5,  3, 20, 81,  2,
        80, 23])
Indices prune tensor([15, 24, 87, 49, 10, 33, 44, 84, 76, 95,  4, 72, 74, 94, 86, 89,  1, 79,
        45, 71, 77, 48, 62, 67, 18, 68, 42, 41, 37, 25, 99, 34, 36, 73, 65, 30,
        85, 12, 92, 83, 26,  0, 96, 91, 17, 16, 22, 46, 40, 35, 19])
Remaining indices tensor([82, 90, 54, 43, 52, 59,  8, 97, 29, 21, 63])
property no 280
Initial sparsity 64
Optimal Sparsity 49
zero indices tensor([35, 21, 73, 24, 25, 69, 30, 61, 32, 59, 34, 70, 58, 37, 38, 57, 40, 41,
        56, 54, 49, 75,  2, 98,  5,  6,  7,  8,  9, 93, 14, 90, 16, 87, 78, 20])
Indices prune tensor([74, 65,  3, 48, 96, 23, 26, 68, 64, 86, 67,  0,  1, 55, 10])
Remaining indices tensor([77, 50, 95, 85, 15, 45, 97, 88, 47, 94, 22, 72, 66, 71, 91, 62, 12, 51,
        33, 79, 31, 83, 99,  4, 29, 84, 52, 82, 80, 43, 44, 76, 13, 89, 53, 18,
        60, 17, 27, 42, 36, 39, 19, 28, 92, 46, 81, 63, 11])
property no 282
Initial sparsity 70
Optimal Sparsity 39
zero indices tensor([55, 20, 21, 23, 24, 69, 27, 65, 60, 32,  1, 54, 36, 37, 53, 39, 52, 49,
        47, 45, 18,  6,  8, 93, 90,  5, 77, 12, 15, 97])
Indices prune tensor([48, 85, 25, 80,  9, 16, 42, 87,  0, 78, 72, 68, 43, 92, 28, 51, 76, 50,
        26, 30,  4, 31, 62, 61, 66, 58, 74, 67, 11, 34, 75])
Remaining indices tensor([86, 79, 71, 19, 46, 64, 81, 70, 35, 40, 91, 57, 84, 73,  3,  2, 13, 44,
        56, 10, 89, 29, 96, 95, 41, 82, 14, 33, 94, 88, 98, 38, 17, 22, 99, 83,
         7, 59, 63])
property no 283
Initial sparsity 63
Optimal Sparsity 3
zero indices tensor([47, 26, 27, 29, 32, 82, 36, 37, 38, 39, 42, 46, 35, 77, 76, 74, 55, 57,
        58, 60, 64, 65, 69, 70, 91,  1,  5,  6, 93, 11, 88, 15, 16, 87, 19, 20,
        21])
Indices prune tensor([68, 24, 34, 62, 96,  7, 45, 61, 81, 92, 28, 73, 50, 44, 23, 13, 48,  3,
        94, 33, 97, 40, 18, 43, 98, 22, 56,  0, 14, 78, 89, 95, 84,  4, 25, 86,
        85, 53, 31, 99,  2, 79, 10, 66, 30, 49, 80, 52, 54,  9, 41, 71, 17, 12,
        51, 72, 83,  8, 67, 75])
Remaining indices tensor([90, 63, 59])
property no 285
Initial sparsity 74
Optimal Sparsity 2
zero indices tensor([75, 51, 52, 28, 56, 58, 61, 63, 65, 69, 20, 71, 74, 79, 13, 47, 93,  3,
         4,  5,  6, 88,  9, 11, 32, 80])
Indices prune tensor([25, 48, 96, 23, 24, 26, 68, 64, 54, 49, 86, 67,  0,  1, 55, 10, 77, 50,
        95, 85, 15, 45, 97, 94, 22, 72, 66, 91, 62, 12, 70,  2, 33, 98, 34, 31,
        83, 99, 29, 84, 35, 30, 57, 82, 43, 44, 87, 90, 76, 14, 78, 89,  7, 16,
        53, 18, 73, 37, 60, 17, 27, 42, 41, 38, 36, 39, 19, 92, 40, 46, 81, 59])
Remaining indices tensor([ 8, 21])
property no 286
Initial sparsity 56
Optimal Sparsity 51
zero indices tensor([39, 25, 27, 79, 92, 31, 91, 90, 34, 35, 63, 88, 38, 73, 40, 61, 56, 43,
        44, 82, 46, 48,  0, 86, 85, 78, 98,  4,  5,  6,  7, 72,  9, 75, 13, 94,
        69, 17, 18, 67, 20, 21, 66, 93])
Indices prune tensor([87, 68, 24, 74, 62])
Remaining indices tensor([60, 96, 77, 45, 81, 47,  1, 26, 28, 50, 23,  3, 33, 97, 15, 22, 16, 14,
        89, 11, 95, 32, 76, 19, 58, 42, 65, 84, 55, 64, 53, 99,  2, 57, 10, 30,
        49, 80, 52, 54, 36, 41, 71, 37, 12, 51, 83,  8, 70, 29, 59])
property no 288
Initial sparsity 58
Optimal Sparsity 13
zero indices tensor([60, 30, 32, 36, 39, 45, 47, 50, 53, 54, 55, 56, 57, 58,  1, 61, 67, 69,
        70, 78, 79, 81, 83, 84, 86, 90, 93, 97,  8, 20,  3, 21, 14, 13, 22,  4,
         5,  6, 11, 10,  0, 27])
Indices prune tensor([48, 34, 87, 89, 15, 71, 26, 12, 96, 19, 41, 77, 31, 51, 92, 44,  9, 35,
        38, 91, 74, 42, 65, 52,  2, 82, 85, 24, 17, 25, 23, 28, 95, 99, 33,  7,
        49, 80, 16, 75, 68, 46, 29, 66, 64])
Remaining indices tensor([94, 43, 88, 62, 72, 76, 40, 73, 37, 59, 98, 18, 63])
property no 289
Initial sparsity 64
Optimal Sparsity 1
zero indices tensor([70, 78, 27, 29, 31, 76, 36, 37, 74, 73, 72, 71, 32, 69, 51, 53, 54, 55,
        64, 57, 58, 59, 60, 63, 13,  1, 98, 96,  5,  6,  9, 93, 11, 14, 19, 21])
Indices prune tensor([25, 65,  3, 48, 23, 24, 26, 68, 49, 86, 67,  0, 10, 77, 50, 95, 75, 85,
        15, 45, 97, 88, 47, 94, 56, 22, 66, 91, 62, 12,  2, 33, 79, 34, 83, 99,
         4, 84, 52, 35, 30, 82, 80, 43, 44, 87, 90, 20, 89,  7, 16, 18, 17, 42,
        41, 61, 38, 39, 28, 92, 40, 46, 81])
Remaining indices tensor([8])
property no 290
Initial sparsity 72
Optimal Sparsity 4
zero indices tensor([67, 35, 34, 36, 37, 31, 38, 46, 27, 25, 56, 21, 20, 63, 69, 70, 73, 72,
        13, 74, 75, 98, 93, 90, 82,  5, 87,  6])
Indices prune tensor([68, 24, 62, 60, 96, 77,  7, 45, 61, 81, 92, 47,  1, 26, 28, 50, 44, 23,
        48,  3, 94, 33, 97, 40, 18, 15, 43, 22,  0, 16, 14, 78, 89, 11, 95, 32,
        76, 19, 58, 42, 65, 84,  4, 86, 55, 85, 64, 53, 39, 99,  2, 79, 57, 88,
        10, 66, 30, 49, 80, 52, 54,  9, 41, 91, 71, 17, 12, 51])
Remaining indices tensor([83,  8, 29, 59])
property no 292
Initial sparsity 80
Optimal Sparsity 22
zero indices tensor([82, 22, 21, 54, 24, 53, 69, 49, 79, 13, 47, 45, 33, 95,  6,  5, 43,  3,
         2, 99])
Indices prune tensor([48, 85, 25, 80,  9, 16, 42, 15, 87, 20, 23,  0, 78, 60, 72, 55, 68, 92,
        28, 51, 76, 50, 77, 26, 30, 37,  4, 31, 97, 62, 61, 36, 66, 58, 74, 67,
        11, 34, 75, 86, 12, 71, 19, 46, 64, 81, 65, 70, 35, 40, 91, 57, 84, 73,
        39,  1, 44, 56])
Remaining indices tensor([32, 10, 89, 29, 96, 41, 90, 14, 94, 52, 88, 98, 38, 17, 18, 93, 83,  8,
         7, 27, 59, 63])
property no 296
Initial sparsity 70
Optimal Sparsity 55
zero indices tensor([42, 52, 76, 53, 27, 74, 33, 24, 82, 73, 21, 72, 86, 69, 66, 16, 93, 13,
        12, 43, 64,  9, 63, 48,  6,  5,  4, 55, 99, 59])
Indices prune tensor([85, 25, 80, 15, 87, 20, 54, 23,  0, 78, 60, 68, 92, 28, 51])
Remaining indices tensor([50, 77, 26, 30, 37, 31, 97, 62, 61, 36, 47, 58, 67, 11, 34, 75, 79, 71,
        19, 46, 81, 65, 70, 35, 40, 91, 57, 84, 39,  3,  2, 49, 45,  1, 44, 56,
        32, 10, 89, 29, 96, 95, 41, 90, 14, 94, 88, 98, 38, 17, 18, 22, 83,  8,
         7])
property no 297
Initial sparsity 58
Optimal Sparsity 9
zero indices tensor([69, 30, 32, 35, 36, 38, 39, 50, 51, 54, 55, 57, 58, 60, 65,  1, 70, 71,
        75, 76, 77, 78, 80, 82, 88, 90, 91, 94, 97, 98,  6, 23, 20, 18, 17,  5,
        29, 15, 14, 26, 11,  7])
Indices prune tensor([ 2, 24, 87, 49, 10, 33, 44, 84, 56, 95,  4, 72, 74, 86, 89, 79, 45, 48,
        62, 53, 67, 68, 42, 41, 66, 37, 25, 81,  3, 99, 34, 13,  9, 73, 85, 12,
        92, 83,  0, 96, 31, 16, 22, 47, 46, 40, 27, 19, 64])
Remaining indices tensor([61, 43, 52, 59,  8, 28, 93, 21, 63])
property no 298
Initial sparsity 55
Optimal Sparsity 43
zero indices tensor([69, 32, 35, 37, 38, 39, 40, 41, 44, 51, 54, 55, 58, 63, 65, 66,  1, 71,
        76, 78, 81, 82, 83, 84, 88, 90, 91, 92, 96, 97, 98, 99, 25, 22, 20, 14,
        11, 10,  7, 26,  2, 29,  6, 30,  5])
Indices prune tensor([57, 15, 24, 87, 49, 33, 56, 95,  4, 72, 74, 94])
Remaining indices tensor([86, 89, 79, 45, 77, 48, 62, 53, 60, 67, 18, 68, 42,  3, 34, 13,  9, 36,
        73, 85, 12, 80, 23,  0, 31, 17, 70, 16, 50, 47, 46, 27, 19, 64, 61, 43,
        52, 59,  8, 28, 75, 93, 21])
property no 299
Initial sparsity 81
Optimal Sparsity 57
zero indices tensor([73, 53, 43, 59, 63, 66, 67, 69, 74, 21, 85, 86, 13,  1, 95,  3,  4,  5,
         6])
Indices prune tensor([48, 25, 80,  9, 16, 42, 15, 87, 20, 54, 23,  0, 78, 60, 72, 55, 24, 68,
        92, 28, 51, 76, 50, 77])
Remaining indices tensor([26, 30, 37, 31, 97, 62, 61, 36, 47, 58, 11, 34, 75, 79, 12, 71, 19, 46,
        64, 81, 65, 70, 35, 40, 91, 57, 84, 39,  2, 49, 45, 44, 56, 32, 10, 89,
        29, 96, 41, 90, 82, 14, 33, 94, 52, 88, 98, 38, 17, 18, 22, 93, 99, 83,
         8,  7, 27])
property no 303
Initial sparsity 62
Optimal Sparsity 39
zero indices tensor([62, 28, 29, 30, 31, 35, 41, 43, 45, 46, 48, 49, 50, 56,  1, 63, 66, 67,
        69, 72, 79, 82, 84, 92, 93, 95, 97, 27, 18,  5, 20,  6,  7,  9, 10,  0,
        13, 24])
Indices prune tensor([26, 86, 42, 91, 77, 39, 96, 89, 25, 80, 76,  2, 88, 44,  4, 57, 85, 68,
        87, 78, 74, 38, 58])
Remaining indices tensor([65, 15, 98, 61, 75, 54, 34, 55, 70,  3, 11, 17, 51, 83, 94, 90, 64, 47,
        40, 36, 16, 19, 53, 52, 23, 32, 60, 71, 33, 22, 73, 12, 37, 14,  8, 99,
        59, 81, 21])
property no 308
Initial sparsity 61
Optimal Sparsity 17
zero indices tensor([63, 73, 72, 48, 25, 69, 68, 44, 29, 66, 75, 61, 56, 35, 43, 51, 42, 50,
        40, 49, 91, 47,  2,  3, 93,  5,  6,  7, 92,  9, 20, 11, 90, 88, 84, 83,
        17, 46, 79])
Indices prune tensor([87, 24, 34, 74, 62, 60, 96, 77, 45, 81,  1, 26, 28, 23, 13, 94, 33, 97,
        18, 38, 15, 98, 22,  0, 16, 14, 78, 89, 95, 32, 76, 19, 58, 65,  4, 86,
        55, 85, 64, 53, 31, 39, 99, 57])
Remaining indices tensor([10, 30, 80, 52, 54, 36, 41, 82, 71, 37, 27, 12,  8, 67, 70, 59, 21])
property no 310
Initial sparsity 69
Optimal Sparsity 23
zero indices tensor([55, 69, 63, 40, 24, 25, 60, 58, 56, 20, 32, 51, 34, 35, 37, 38, 39, 83,
         1, 98,  3, 42,  5,  6,  7,  8, 91, 11, 13, 14, 75])
Indices prune tensor([77, 84, 65, 82, 85, 86, 62, 49, 76, 31, 50, 57, 44, 53, 23, 67, 30, 45,
        33, 48, 87, 41, 78,  2, 27, 70, 28, 94, 36, 18, 72, 15,  9, 47, 99, 68,
        74, 64, 12, 73, 52,  4, 43, 71, 95, 10])
Remaining indices tensor([89, 26, 17, 80, 96, 97, 16, 46, 61, 66,  0, 81, 54, 88, 19, 92, 79, 93,
        29, 59, 90, 22, 21])
property no 311
Initial sparsity 74
Optimal Sparsity 3
zero indices tensor([72, 40, 36, 42, 43, 45, 47, 53, 54, 59, 26, 25, 66, 69, 73, 17, 74, 82,
         2,  3,  4, 12,  5, 85, 87,  6])
Indices prune tensor([48, 80,  9, 16, 15, 20, 23,  0, 78, 60, 55, 24, 68, 92, 28, 51, 76, 50,
        77, 30, 37, 31, 97, 62, 61, 58, 67, 11, 34, 75, 86, 79, 71, 19, 46, 64,
        81, 65, 70, 35, 91, 57, 84, 39, 49, 13,  1, 44, 56, 32, 10, 89, 29, 96,
        95, 41, 90, 14, 33, 94, 52, 88, 98, 38, 18, 22, 93, 99, 83,  8,  7])
Remaining indices tensor([27, 63, 21])
property no 313
Initial sparsity 58
Optimal Sparsity 40
zero indices tensor([65, 32, 34, 35, 36, 37, 39, 40, 42, 45, 54, 55, 56, 60, 63, 50, 66, 68,
        69, 71, 74, 76, 77, 90, 92, 93, 94, 96, 97, 99, 15,  1,  5,  6, 11, 14,
        30, 18, 20, 22, 26, 25])
Indices prune tensor([ 2, 57, 24, 38, 87, 49, 78, 10, 33, 44, 84, 58, 95,  4, 72, 86, 89, 79])
Remaining indices tensor([48, 62, 53, 67, 41, 81,  3, 13,  9, 73, 85, 12, 80, 83, 23,  0, 31, 91,
        17, 70, 16, 47, 46, 88, 27, 19, 82, 64, 61, 43, 52, 51, 59,  8, 28,  7,
        75, 98, 29, 21])
property no 315
Initial sparsity 56
Optimal Sparsity 45
zero indices tensor([93, 27, 78, 30, 32, 95, 35, 36, 37, 39, 40, 44, 45, 47,  1, 49, 53, 72,
        55, 56, 71, 58, 60, 69, 63, 65, 66, 18, 84, 12,  8, 14,  6,  0, 11, 81,
         5, 20, 21, 22, 23, 97,  2, 83])
Indices prune tensor([57, 15, 24, 38, 87, 10, 33, 76,  4, 74, 94])
Remaining indices tensor([86, 89, 79, 77, 48, 62, 67, 68, 42, 41, 25,  3, 99, 34, 13,  9, 73, 85,
        92, 80, 26, 96, 31, 91, 17, 70, 16, 50, 46, 88, 19, 82, 90, 64, 54, 61,
        43, 52, 51, 59, 28,  7, 75, 98, 29])
property no 316
Initial sparsity 70
Optimal Sparsity 66
zero indices tensor([44, 21, 88, 25, 26, 29, 31, 37, 82, 40, 41, 96, 78, 48, 73, 53, 54, 55,
        69, 67, 66, 20, 91, 10, 18, 93,  6,  2,  5,  4])
Indices prune tensor([34,  3, 84, 87])
Remaining indices tensor([89, 15, 71, 12, 19, 61, 81, 77, 51, 45, 92,  9, 35, 13, 38, 14, 83, 58,
        90, 74, 42, 65, 52, 85, 24, 86, 39, 70, 17, 23, 57, 97, 28,  0, 50, 95,
        99, 33,  7, 36, 49, 80, 11, 47,  1, 16, 75, 68, 46, 22, 60, 64,  8, 94,
        43, 62, 72, 30, 32, 76, 79, 56, 59, 98, 27, 63])
property no 321
Initial sparsity 60
Optimal Sparsity 28
zero indices tensor([41, 75, 24, 25, 74, 28, 73, 31, 33, 69, 68, 66, 27, 62, 57, 56, 46, 48,
        49, 50, 51, 53, 55,  6, 12, 86, 13, 85, 10,  9, 87, 90,  5, 93, 82, 18,
         0, 19, 79, 77])
Indices prune tensor([15, 44, 16, 95, 72, 40, 78, 64, 23, 96, 32, 91, 37, 54, 58, 36, 30, 65,
        39, 67, 71, 20, 11,  1, 34, 60, 88, 98, 97, 89, 52, 43])
Remaining indices tensor([61, 80, 47, 35, 94, 81, 92,  2, 17, 84, 26,  4,  7,  3, 99, 29, 14, 83,
        42, 38, 76, 22, 45, 70, 21,  8, 63, 59])
property no 330
Initial sparsity 62
Optimal Sparsity 41
zero indices tensor([69, 27, 30, 38, 47, 49, 51, 52, 53, 59, 64, 66, 68, 50, 70, 73, 74, 75,
        77, 82, 90, 92, 93, 94, 98, 99, 25,  1,  3,  5,  6,  8, 10, 12, 13, 17,
        19, 24])
Indices prune tensor([87, 34, 62, 60, 96,  7, 20, 45, 61, 81, 26, 28, 44, 23, 48, 33, 97, 40,
        18, 15, 43])
Remaining indices tensor([22, 56,  0, 16, 14, 78, 89, 11, 95, 32, 76, 58, 42, 65, 84,  4, 86, 55,
        85, 31, 39,  2, 79, 57, 88, 80, 54,  9, 36, 41, 91, 71, 37, 46, 72, 83,
        67, 35, 63, 29, 21])
property no 331
Initial sparsity 62
Optimal Sparsity 44
zero indices tensor([58, 68, 24, 67, 26, 65, 63, 61, 60, 32, 59, 22, 35, 54, 53, 51, 39, 40,
        50, 46, 45, 98,  4,  5,  6,  7,  8,  9, 10, 69, 87, 82, 93, 78, 73, 70,
        19, 20])
Indices prune tensor([25, 74,  3, 48, 96, 23, 64, 49, 86,  0,  1, 55, 77, 95, 75, 85, 15, 97])
Remaining indices tensor([88, 47, 94, 56, 72, 66, 71, 91, 62, 12,  2, 33, 79, 34, 31, 83, 99, 29,
        84, 52, 30, 57, 80, 43, 44, 90, 76, 14, 13, 89, 16, 18, 37, 17, 27, 42,
        41, 38, 36, 28, 92, 81, 21, 11])
property no 333
Initial sparsity 74
Optimal Sparsity 41
zero indices tensor([76, 82, 83, 42, 43, 81, 47, 33, 48, 52, 53, 25, 24, 94, 65, 72,  4,  5,
         6, 69, 68, 95, 66,  3,  2, 13])
Indices prune tensor([85, 80,  9, 16, 15, 87, 20, 54, 23,  0, 78, 60, 55, 92, 28, 51, 50, 77,
        26, 30, 37, 31, 97, 62, 61, 36, 58, 74, 67, 11, 34, 75, 86])
Remaining indices tensor([79, 12, 71, 19, 46, 64, 70, 35, 40, 91, 57, 84, 73, 39, 49, 45,  1, 44,
        56, 32, 10, 89, 29, 96, 41, 90, 14, 88, 98, 38, 17, 18, 22, 93, 99,  8,
         7, 27, 59, 63, 21])
property no 334
Initial sparsity 69
Optimal Sparsity 52
zero indices tensor([49, 18, 20, 62, 59, 54, 53, 50, 27, 63, 48, 45, 32, 33, 44, 43, 40, 37,
        83, 93,  3, 86,  5,  6,  7, 85, 79, 78, 73, 69, 16])
Indices prune tensor([25, 80,  9, 42, 15, 87, 23,  0, 60, 72, 55, 24, 68, 92, 28, 51, 76])
Remaining indices tensor([77, 26, 30,  4, 31, 97, 61, 36, 66, 47, 58, 74, 67, 11, 34, 75, 12, 71,
        19, 46, 64, 81, 65, 70, 35, 91, 57, 84, 39,  2, 13,  1, 56, 10, 89, 29,
        96, 95, 41, 90, 82, 14, 94, 52, 88, 98, 38, 17, 22, 99,  8, 21])
property no 337
Initial sparsity 67
Optimal Sparsity 29
zero indices tensor([54, 69, 24, 25, 63, 61, 58, 56, 55, 32, 99, 34, 35, 53, 51, 38, 39, 40,
        49, 43, 75, 93,  5,  6,  7, 90, 10, 11, 87, 13, 14, 83, 82])
Indices prune tensor([77, 84, 65,  1, 85, 60, 86, 62, 76, 31, 50, 57, 44,  3, 23, 67, 30, 45,
        33, 48, 41, 91, 78,  2, 27, 70, 28, 94, 36, 18, 72, 15,  9, 47, 68, 74,
        64, 42])
Remaining indices tensor([12, 73, 52,  4, 71, 95, 89, 26, 17, 80, 96, 97, 16, 46, 98, 66,  0, 81,
        20, 88, 19, 92, 79, 29, 37, 59,  8, 22, 21])
property no 338
Initial sparsity 57
Optimal Sparsity 51
zero indices tensor([59, 74, 72, 69, 65, 63, 62, 29, 30, 60, 32, 22, 58, 35, 55, 37, 54, 39,
        40, 51, 42, 47, 11,  1, 98, 97, 96,  5,  6,  7,  8, 94, 91, 87, 82, 14,
        15, 81, 78, 76, 75, 20, 21])
Indices prune tensor([ 2, 57, 24, 38, 49, 10])
Remaining indices tensor([33, 44, 84, 56, 95,  4, 86, 89, 79, 45, 71, 77, 48, 53, 67, 18, 68, 41,
        66, 25,  3, 99, 34, 13,  9, 36, 73, 85, 12, 92, 80, 83, 23, 26,  0, 31,
        17, 70, 16, 50, 46, 88, 27, 19, 90, 64, 61, 43, 52, 28, 93])
property no 339
Initial sparsity 64
Optimal Sparsity 20
zero indices tensor([36, 76, 74, 72, 27, 71, 29, 69, 32, 33, 68, 64,  1, 37, 63, 57, 55, 43,
        46, 47, 48, 53,  0, 86,  7, 93,  6,  5, 88, 13, 84, 16,  2, 17, 83, 20])
Indices prune tensor([34,  3, 87, 89, 15, 26, 12, 96, 19, 61, 81, 41, 77, 31, 51, 45, 92, 44,
         9, 35, 38, 91, 14, 58, 90, 42, 65, 52, 82, 85, 24, 39, 70, 25, 54, 23,
         4, 97, 28, 50, 95, 99, 10, 49])
Remaining indices tensor([80, 11, 78, 75, 66, 22, 60,  8, 94, 62, 30, 40, 79, 73, 67, 56, 59, 98,
        18, 21])
property no 344
Initial sparsity 71
Optimal Sparsity 23
zero indices tensor([28, 71, 69, 66, 22, 64, 63, 25, 58, 78, 55, 54, 51, 40, 34, 35, 38,  9,
        99,  2, 98,  5,  6,  7, 97, 96, 93, 91, 83])
Indices prune tensor([77, 84, 65, 82,  1, 85, 60, 86, 62, 49, 76, 31, 50, 13, 57, 44,  3, 53,
        23, 67, 30, 45, 33, 48, 87, 41, 27, 70, 94, 36, 18, 72, 15, 47, 68, 74,
        24, 42, 14, 12, 73, 32, 52,  4, 43, 95, 10, 89])
Remaining indices tensor([26, 17, 80, 16, 46, 61,  0, 81, 11, 20, 75, 39, 88, 56, 19, 92, 79, 29,
        37, 59,  8, 90, 21])
property no 345
Initial sparsity 60
Optimal Sparsity 47
zero indices tensor([65, 74, 22, 73, 27, 68, 29, 30, 67, 66, 33, 69, 62, 60, 57, 40, 56, 43,
        53, 48, 50, 79,  0, 97,  3,  4,  5,  6, 93, 92, 90, 10, 89, 13, 20, 82,
        85, 86, 87, 88])
Indices prune tensor([15, 44, 16, 95, 49, 55, 51, 72, 78, 64, 23, 96, 32])
Remaining indices tensor([91, 37,  9, 54, 58, 36, 28, 41, 77, 39, 12, 75, 71, 46, 11,  1, 34, 98,
        52, 61, 80, 47, 35, 94, 24, 81,  2, 17, 84, 25, 26,  7, 99, 14, 83, 19,
        42, 38, 31, 18, 76, 45, 70, 21,  8, 63, 59])
property no 348
Initial sparsity 64
Optimal Sparsity 6
zero indices tensor([50, 67, 21, 56, 24, 25, 51, 27, 28, 19, 49, 48, 44, 34, 35, 36, 40, 38,
        10,  0, 98, 94, 93,  5,  6, 92, 87, 83, 18, 77, 75, 13, 74, 69, 68, 17])
Indices prune tensor([84, 65, 82,  1, 85, 60, 86, 62, 76, 31, 57,  3, 53, 23, 30,  7, 45, 33,
        41, 91, 78,  2, 70, 72, 15,  9, 55, 47, 99, 64, 42, 14, 12, 73, 32, 52,
         4, 43, 71, 95, 58, 89, 26, 80, 96, 97, 16, 46, 61, 66, 81, 11, 54, 20,
        39, 88, 79, 29])
Remaining indices tensor([37, 63, 59,  8, 90, 22])
property no 351
Initial sparsity 80
Optimal Sparsity 2
zero indices tensor([36, 73, 54, 20, 23, 26, 29, 33, 74, 69, 38, 42, 79, 44, 46, 47, 48, 62,
         6,  5])
Indices prune tensor([87, 68, 24, 34, 60, 96, 77,  7, 45, 61, 81, 92,  1, 28, 50, 13,  3, 94,
        97, 40, 18, 15, 43, 98, 22, 56,  0, 16, 14, 78, 89, 11, 95, 32, 76, 19,
        58, 65, 84,  4, 25, 86, 55, 85, 64, 53, 31, 39, 99,  2, 57, 88, 10, 66,
        30, 49, 80, 52,  9, 41, 93, 82, 91, 71, 37, 27, 17, 12, 51, 72, 83,  8,
        67, 75, 35, 90, 70, 63])
Remaining indices tensor([59, 21])
property no 353
Initial sparsity 56
Optimal Sparsity 2
zero indices tensor([60, 32, 35, 37, 38, 39, 40, 47, 49, 50, 51, 54, 55, 56, 58,  1, 65, 67,
        69, 73, 74, 78, 79, 81, 87, 91, 93, 95, 97, 98, 11, 20, 21, 22, 23, 15,
        14, 24, 27,  8, 28,  0,  6,  5])
Indices prune tensor([26, 86, 48, 42, 43, 77, 96, 89, 25, 80, 76,  2,  9, 88, 72, 44,  7,  4,
        57, 85, 68, 45, 13, 61, 30, 10, 75, 34, 70,  3, 17, 82, 66, 84, 83, 92,
        94, 90, 64, 36, 16, 19, 53, 52, 71, 33, 41, 29, 12, 31, 62, 18, 63, 46])
Remaining indices tensor([99, 59])
property no 362
Initial sparsity 65
Optimal Sparsity 4
zero indices tensor([51, 19, 59, 21, 58, 24, 25, 55, 53, 18, 50, 30, 49, 32, 43, 34, 35, 38,
        74, 98, 93, 90, 87,  5,  6, 86, 77, 75, 71, 69, 13, 14, 62, 61, 17])
Indices prune tensor([84, 65, 82,  1, 85, 60, 76, 31, 57, 44,  3, 23, 67,  7, 45, 33, 83, 48,
        40, 41, 91, 78,  2, 27, 70, 28, 94, 36, 72, 15,  9, 47, 99, 68, 64, 42,
        12, 73, 52,  4, 95, 10, 89, 26, 80, 96, 97, 16, 46, 66,  0, 81, 11, 54,
        20, 39, 88, 56, 92, 79, 29])
Remaining indices tensor([37, 63,  8, 22])
property no 369
Initial sparsity 71
Optimal Sparsity 22
zero indices tensor([48, 63, 66, 36, 31, 69, 37, 38, 75, 25, 53, 40, 41, 21, 19, 83, 94,  2,
         4,  5,  6, 47, 50, 93, 11, 91, 87, 44, 16])
Indices prune tensor([68, 24, 34, 74, 62, 60, 96, 77,  7, 20, 45, 61, 81, 92,  1, 26, 28, 73,
        23, 13,  3, 33, 97, 18, 15, 43, 98, 22, 56,  0, 14, 78, 89, 95, 32, 76,
        58, 42, 65, 84, 86, 55, 85, 64, 39, 99, 79, 57, 88])
Remaining indices tensor([10, 30, 49, 80, 52, 54,  9, 82, 71, 27, 17, 12, 51, 46, 72,  8, 67, 35,
        90, 70, 29, 59])
property no 371
Initial sparsity 58
Optimal Sparsity 1
zero indices tensor([39, 26, 73, 28, 72, 30, 32, 71, 35, 69, 65, 78, 60, 41, 59, 43, 58, 45,
        47, 57, 55, 53, 92, 99,  2, 93,  4,  5,  6,  7,  8, 10, 11, 12, 22, 90,
        88, 84, 18, 83, 20, 82])
Indices prune tensor([48, 34,  3, 87, 89, 15, 96, 19, 61, 81, 77, 31, 51, 44,  9, 13, 38, 91,
        14, 74, 42, 52, 85, 24, 86, 70, 17, 25, 54, 23, 97,  0, 50, 95, 33, 36,
        49, 80,  1, 16, 75, 68, 46, 29, 66, 64, 94, 62, 76, 40, 79, 37, 67, 56,
        98, 27, 21])
Remaining indices tensor([63])
property no 372
Initial sparsity 70
Optimal Sparsity 22
zero indices tensor([69, 73, 19, 58, 21, 72, 70, 24, 25, 39, 68, 29, 63, 61, 32, 59, 34, 75,
        45, 93,  4,  5,  6, 53,  9, 54, 82, 13, 79, 78])
Indices prune tensor([74, 65,  3, 48, 96, 23, 26, 64, 49, 86, 67,  0,  1, 55, 10, 77, 50, 95,
        85, 15, 97, 88, 47, 94, 56, 22, 66, 71, 91, 62, 12, 51,  2, 33, 98, 31,
        83, 99, 84, 52, 35, 30, 57, 80, 43, 44, 87, 90])
Remaining indices tensor([76, 20, 14, 89,  7, 16, 18, 37, 60, 17, 27, 42, 41, 38, 36, 28, 92, 40,
        46, 81,  8, 11])
property no 374
Initial sparsity 58
Optimal Sparsity 1
zero indices tensor([59, 74, 73, 72, 69, 63, 27, 28, 29, 30, 62, 98, 33, 57, 54, 36, 53, 38,
        50, 48, 46, 43, 75,  2,  3,  4,  5,  6,  7, 94, 93, 10, 92, 86, 13, 85,
        81, 80, 17, 79, 78, 21])
Indices prune tensor([26, 42, 91, 24, 97, 77, 39, 96, 49, 89, 25, 76,  9, 88, 44, 95, 68, 87,
        45, 58, 65, 15, 61, 34, 55, 20, 70, 11, 82, 51, 66, 84, 83, 90, 64, 47,
        40, 67, 16,  1, 19, 52, 23, 32, 60, 71, 41, 22, 12, 37, 31, 18, 14,  8,
        99,  0, 56])
Remaining indices tensor([35])
property no 375
Initial sparsity 69
Optimal Sparsity 1
zero indices tensor([63, 40, 45, 32, 30, 53, 28, 27, 54, 25, 56, 58, 59, 61, 62, 64,  8,  1,
        98,  3,  5,  6, 91, 67, 86, 10, 84, 79, 78, 14, 69])
Indices prune tensor([48, 34, 87, 89, 15, 71, 26, 12, 96, 19, 81, 41, 77, 31, 51, 92, 44,  9,
        35, 13, 38, 55, 83, 90, 74, 42, 65, 52,  2, 82, 85, 24, 39, 70, 17, 23,
        57,  4, 97,  0, 50, 95, 99, 33,  7, 36, 49, 80, 11, 47, 16, 75, 68, 46,
        29, 66, 22, 60, 20, 94, 43, 88, 72, 76, 93, 73, 37, 18])
Remaining indices tensor([21])
property no 379
Initial sparsity 78
Optimal Sparsity 4
zero indices tensor([33, 24, 26, 69, 75, 66, 79, 16, 82, 64, 13, 12, 53, 47, 90, 93,  6,  5,
         4, 43,  2, 99])
Indices prune tensor([48, 85, 25, 80,  9, 42, 15, 87, 20, 54, 23,  0, 78, 60, 72, 55, 68, 92,
        28, 51, 76, 50, 77, 30, 37, 31, 97, 62, 61, 36, 58, 74, 67, 11, 34, 86,
        71, 19, 46, 81, 65, 70, 35, 40, 91, 57, 84, 73, 39,  3, 49, 45,  1, 44,
        56, 32, 10, 89, 29, 96, 95, 41, 14, 94, 52, 88, 98, 38, 17, 18, 22, 83,
         8,  7])
Remaining indices tensor([27, 59, 63, 21])
property no 381
Initial sparsity 66
Optimal Sparsity 17
zero indices tensor([72, 81, 19, 20, 21, 43, 39, 77, 37, 82, 27, 55, 71, 69, 31, 32, 35, 34,
         9, 53, 97, 93, 51,  5,  6,  7, 58, 10, 11, 60, 13, 47, 61, 63])
Indices prune tensor([25, 74, 65,  3, 48, 96, 23, 24, 26, 68, 64, 54, 49, 86, 67,  0,  1, 50,
        95, 75, 85, 15, 45, 88, 94, 56, 22, 66, 91, 62, 12, 70,  2, 33, 79, 98,
        83, 99,  4, 29, 84, 52, 30, 57, 80, 44, 87, 90, 76])
Remaining indices tensor([14, 78, 89, 16, 18, 73, 17, 42, 41, 38, 36, 28, 92, 40, 46, 59,  8])
property no 382
Initial sparsity 56
Optimal Sparsity 38
zero indices tensor([68, 78, 76, 29, 30, 73, 32, 72, 71, 35, 70, 69, 27, 39, 65, 64, 63, 45,
        60, 57, 49, 56, 53, 55, 80,  2, 97, 96,  5,  6, 93,  8, 92, 10, 11, 12,
        91, 15, 16, 23, 14, 90, 18, 20])
Indices prune tensor([24, 38, 87, 33, 44, 84, 58, 95,  4, 74, 94, 86, 89,  1, 79, 77, 48, 62])
Remaining indices tensor([67, 42, 41, 66, 37, 25, 81,  3, 99, 34, 13,  9, 36, 85, 83, 26,  0, 31,
        17, 22, 50, 47, 46, 40, 88, 19, 82, 54, 61, 43, 52, 51, 59, 28,  7, 75,
        98, 21])
property no 386
Initial sparsity 71
Optimal Sparsity 13
zero indices tensor([50, 23, 90, 88, 27, 29, 32, 37, 38, 40,  0, 79, 53, 54, 78, 62, 63, 73,
        67, 69, 20,  9,  7, 10,  6, 12,  5,  3, 91])
Indices prune tensor([48, 34, 84, 87, 89, 15, 71, 26, 96, 19, 61, 81, 41, 77, 31, 51, 45, 92,
        44, 35, 13, 55, 14, 83, 58, 74, 42, 65, 52,  2, 82, 85, 24, 86, 39, 70,
        17, 25, 57,  4, 97, 28, 95, 99, 33, 36, 49, 80, 11, 47,  1, 16, 75, 68,
        46, 66, 22, 60])
Remaining indices tensor([64,  8, 94, 43, 72, 30, 76, 93, 56, 59, 98, 18, 21])
property no 390
Initial sparsity 70
Optimal Sparsity 1
zero indices tensor([75, 84, 85, 83, 36, 38, 25, 40, 43, 91, 21, 46, 82, 79, 54, 93, 59, 13,
        73, 63, 64, 98,  8,  7,  6,  5, 72, 66,  2, 69])
Indices prune tensor([87, 68, 24, 34, 74, 62, 60, 96, 77, 20, 45, 61, 81, 92, 47,  1, 26, 28,
        50, 44, 23, 48,  3, 94, 33, 97, 18, 15, 22, 56,  0, 16, 14, 78, 89, 11,
        95, 32, 76, 19, 58, 42, 65,  4, 86, 55, 53, 31, 39, 99, 57, 88, 10, 30,
        49, 80, 52,  9, 41, 71, 37, 27, 17, 12, 51, 67, 35, 90, 70])
Remaining indices tensor([29])
property no 392
Initial sparsity 75
Optimal Sparsity 52
zero indices tensor([47, 25, 28, 29, 80, 32, 36, 74, 83, 17, 16, 43, 69, 12, 48, 87, 50, 88,
        52,  6,  5, 53,  3,  2, 59])
Indices prune tensor([85,  9, 42, 15, 20, 54, 23,  0, 78, 60, 72, 55, 24, 68, 92, 51, 76, 77,
        26, 30, 37,  4, 31])
Remaining indices tensor([97, 62, 61, 66, 58, 67, 11, 34, 75, 86, 79, 71, 19, 46, 64, 81, 65, 70,
        35, 40, 91, 57, 84, 73, 39, 49, 45, 13,  1, 44, 56, 10, 89, 96, 95, 41,
        90, 82, 14, 33, 94, 98, 38, 18, 22, 93, 99,  8,  7, 27, 63, 21])
property no 394
Initial sparsity 62
Optimal Sparsity 49
zero indices tensor([72, 84, 27, 83, 29, 30, 81, 37, 40, 77, 47, 73,  1, 71, 55, 57, 58, 69,
        60, 62, 63, 64, 66, 67, 95,  2, 93, 88, 20, 86,  4,  9, 91,  5,  8,  7,
        90,  6])
Indices prune tensor([25, 74, 65,  3, 48, 96, 23, 24, 26, 68, 54, 49,  0])
Remaining indices tensor([10, 50, 75, 85, 15, 45, 97, 94, 56, 22, 12, 70, 51, 33, 79, 98, 34, 31,
        99, 52, 35, 82, 80, 43, 44, 87, 76, 14, 78, 13, 89, 16, 53, 18, 17, 42,
        41, 61, 38, 36, 39, 19, 28, 92, 46, 32, 59, 21, 11])
property no 395
Initial sparsity 74
Optimal Sparsity 58
zero indices tensor([45, 24, 25, 85, 83, 79, 40, 42, 43, 44, 33, 46, 48, 49, 53, 60, 62, 69,
        68, 95, 94, 12,  6, 13,  5, 93])
Indices prune tensor([80,  9, 16, 15, 87, 20, 54, 23,  0, 78, 72, 55, 92, 28, 51, 76])
Remaining indices tensor([50, 77, 26, 30, 37,  4, 31, 97, 61, 36, 66, 47, 58, 74, 67, 11, 34, 75,
        86, 71, 19, 64, 81, 65, 70, 35, 91, 57, 84, 73, 39,  3,  2,  1, 56, 32,
        10, 89, 29, 96, 41, 90, 82, 14, 52, 88, 98, 38, 17, 18, 22, 99,  8,  7,
        27, 59, 63, 21])
property no 400
Initial sparsity 60
Optimal Sparsity 17
zero indices tensor([34, 60, 24, 25, 27, 84, 91, 90, 31, 32, 58, 23, 57, 36, 37, 88, 54, 53,
        42, 43, 52, 48, 70, 77, 78,  3, 81,  5,  6,  7, 71,  9, 63, 69, 13, 82,
        16, 93, 19, 20])
Indices prune tensor([74, 65, 96, 26, 68, 64, 49, 86, 67,  0,  1, 55, 10, 50, 95, 75, 85, 15,
        45, 97, 47, 94, 56, 22, 72, 66, 62, 12, 51,  2, 33, 79, 98, 83, 99,  4,
        29, 35, 30, 80, 44, 87, 76])
Remaining indices tensor([14, 89, 18, 73, 17, 41, 61, 38, 39, 28, 92, 40, 46, 59,  8, 21, 11])
property no 402
Initial sparsity 75
Optimal Sparsity 22
zero indices tensor([81, 47, 40, 53, 37, 32, 68, 69, 72, 79, 82, 21, 20, 19, 84, 93,  5,  6,
         7,  4, 11, 12, 13, 91,  2])
Indices prune tensor([48, 34,  3, 87, 89, 15, 71, 26, 96, 61, 41, 77, 31, 51, 45, 92, 44,  9,
        35, 38, 55, 14, 83, 58, 90, 74, 42, 65, 52, 85, 24, 86, 39, 70, 17, 25,
        54, 23, 57, 97, 28,  0, 50, 95, 99, 33, 10, 36, 49, 80, 78,  1, 16])
Remaining indices tensor([75, 46, 29, 66, 22, 60, 64,  8, 94, 43, 88, 62, 30, 76, 73, 67, 56, 59,
        98, 27, 18, 63])
property no 403
Initial sparsity 62
Optimal Sparsity 7
zero indices tensor([54, 69, 65, 63, 61, 60, 25, 59, 58, 55, 72, 51, 45, 32, 43, 34, 35, 40,
        39, 38, 88,  1, 97, 96,  4,  5,  6,  7, 93, 91, 11, 81, 13, 14, 78, 16,
        17, 77])
Indices prune tensor([84, 82, 85, 86, 62, 49, 76, 31, 50, 57, 44,  3, 53, 23, 67, 30, 33, 83,
        48, 87, 41,  2, 27, 70, 28, 94, 36, 18, 15,  9, 47, 99, 68, 74, 24, 64,
        42, 12, 73, 52, 71, 95, 10, 89, 26, 80, 46, 98, 66,  0, 20, 75, 56, 19,
        92])
Remaining indices tensor([79, 29, 37,  8, 90, 22, 21])
property no 404
Initial sparsity 62
Optimal Sparsity 2
zero indices tensor([54, 27, 30, 31, 32, 84, 37, 38, 83, 40, 41, 53, 36, 55, 57, 58, 76, 60,
        63, 64, 69, 70, 72, 11, 23,  9,  8,  7,  6, 13, 14, 91,  5, 93,  4,  3,
         2, 88])
Indices prune tensor([77, 34, 65, 82,  1, 85, 86, 62, 49, 50, 44, 67, 45, 33, 48, 87, 78, 51,
        28, 94, 18, 15, 47, 99, 68, 74, 24, 42, 25, 12, 73, 52, 43, 71, 95, 10,
        35, 89, 26, 17, 80, 96, 97, 16, 46, 98, 61, 66,  0, 81, 20, 75, 39, 56,
        19, 92, 79, 29, 59, 90])
Remaining indices tensor([22, 21])
property no 406
Initial sparsity 63
Optimal Sparsity 8
zero indices tensor([69, 29, 30, 32, 35, 38, 39, 45, 48, 50, 51, 56, 65, 66,  1, 74, 75, 78,
        79, 80, 82, 90, 92, 93, 96, 97, 98, 17, 26, 25, 15,  2, 14,  5,  6, 20,
        11])
Indices prune tensor([57, 24, 87, 49, 10, 33, 44, 84, 76, 58, 95,  4, 72, 94, 86, 89, 71, 77,
        62, 53, 60, 67, 18, 68, 42, 41, 37, 81,  3, 99, 34, 13,  9, 36, 73, 85,
        12, 55, 83, 23,  0, 31, 91, 70, 16, 22, 47, 46, 40, 88, 27, 19, 64, 54,
        61])
Remaining indices tensor([43, 52, 59,  8, 28,  7, 21, 63])
property no 407
Initial sparsity 65
Optimal Sparsity 63
zero indices tensor([52, 58, 21, 68, 55, 27, 90, 30, 53, 32, 69, 78, 77, 51, 40, 50, 49, 70,
        47, 45, 10, 66, 97,  4,  5,  6, 93, 63, 67, 61, 13, 14, 60, 59, 18])
Indices prune tensor([87, 24])
Remaining indices tensor([34, 74, 62, 96,  7, 20, 81, 92,  1, 26, 28, 73, 44, 23, 48,  3, 94, 33,
        38, 15, 43, 98, 22, 56,  0, 16, 89, 11, 95, 76, 19, 42, 65, 84, 25, 86,
        85, 64, 31, 39, 99,  2, 79, 57, 88, 80, 54,  9, 36, 41, 82, 91, 71, 37,
        17, 12, 46, 72, 83,  8, 75, 35, 29])
property no 408
Initial sparsity 68
Optimal Sparsity 24
zero indices tensor([39, 88, 24, 76, 75, 32, 69, 34, 35, 38, 25, 65, 64, 63, 58, 56, 55, 51,
         0, 11, 99, 96,  5,  6,  7,  8, 94, 90, 93, 18, 92, 16])
Indices prune tensor([77, 84, 82,  1, 85, 60, 86, 62, 49, 31, 50, 13, 57, 44,  3, 53, 23, 67,
        30, 45, 33, 83, 48, 87, 40, 41, 91, 78,  2, 27, 70, 28, 36, 72, 15,  9,
        47, 68, 74, 42, 14, 12, 73, 52])
Remaining indices tensor([ 4, 43, 71, 95, 10, 89, 26, 17, 80, 97, 46, 98, 61, 66, 81, 54, 20, 19,
        79, 29, 37, 59, 22, 21])
property no 409
Initial sparsity 60
Optimal Sparsity 50
zero indices tensor([32, 22, 56, 24, 57, 69, 67, 65, 30, 31, 21, 64, 34, 35, 63, 37, 60, 39,
        40, 58, 11, 99,  2, 97, 96,  5,  6,  7,  8, 93, 10, 20, 51, 83, 82, 81,
        16, 78, 18, 55])
Indices prune tensor([26, 86, 48, 42, 91, 43, 77, 79, 50, 49])
Remaining indices tensor([89, 25, 80, 76, 27,  9, 88, 72, 44,  4, 95, 85, 68, 87, 74, 45, 38, 15,
        13, 98, 61, 75, 54, 70,  3, 17, 66, 84, 92, 94, 90, 47, 28, 36,  1, 19,
        53, 52, 23, 71, 33, 41, 29, 73, 12, 62, 14, 46, 59,  0])
property no 410
Initial sparsity 68
Optimal Sparsity 2
zero indices tensor([36, 20, 22, 71, 69, 64, 32, 33, 34, 35, 73, 37, 58, 54, 42, 53, 45, 46,
        48, 83,  1,  2, 96,  5,  6,  7, 91, 90, 13, 18, 16, 78])
Indices prune tensor([ 3, 84, 87, 89, 15, 26, 12, 19, 61, 81, 41, 77, 31, 51, 92, 44,  9, 38,
        55, 14, 74, 65, 52, 82, 85, 24, 86, 39, 70, 17, 25, 23, 57,  4, 97, 28,
         0, 50, 95, 99, 10, 49, 80, 11, 47, 75, 68, 29, 66, 60,  8, 94, 43, 88,
        62, 72, 30, 76, 93, 40, 79, 67, 56, 59, 98, 27])
Remaining indices tensor([21, 63])
property no 413
Initial sparsity 77
Optimal Sparsity 35
zero indices tensor([73, 43, 44, 48, 53, 59, 34, 33, 63, 64, 27, 69, 71, 74, 20, 78, 99,  3,
        13,  5,  6, 12,  7])
Indices prune tensor([85, 25, 80,  9, 16, 42, 15, 87, 54, 23,  0, 60, 72, 55, 24, 68, 92, 28,
        51, 76, 50, 77, 26, 30, 37,  4, 31, 97, 62, 61, 36, 66, 47, 58, 67, 11,
        75, 86, 79, 19, 46, 81])
Remaining indices tensor([65, 70, 35, 40, 91, 57, 84, 39,  2, 49, 45,  1, 56, 32, 10, 89, 29, 96,
        95, 41, 90, 82, 14, 94, 52, 88, 98, 38, 17, 18, 22, 93, 83,  8, 21])
property no 414
Initial sparsity 57
Optimal Sparsity 5
zero indices tensor([69, 29, 31, 32, 35, 36, 37, 38, 46, 50, 55, 57, 64, 65, 66,  1, 70, 71,
        74, 75, 76, 78, 82, 83, 84, 85, 88, 93, 97, 28, 17, 16, 19, 11,  9, 20,
         8,  7,  6,  5,  2,  3, 25])
Indices prune tensor([87, 68, 24, 34, 62, 60, 96, 77, 45, 61, 81, 92, 47, 26, 73, 44, 23, 13,
        48, 94, 33, 40, 18, 15, 43, 98, 22, 56,  0, 14, 89, 95, 58, 42,  4, 86,
        53, 39, 99, 79, 10, 30, 49, 80, 52, 54, 41, 91, 27, 12, 51, 72])
Remaining indices tensor([67, 90, 63, 59, 21])
property no 415
Initial sparsity 67
Optimal Sparsity 64
zero indices tensor([53, 69, 64, 63, 61, 58, 55, 25, 27, 19, 29, 49, 32, 34, 35, 43, 37, 38,
         9,  1, 98, 93,  5,  6,  7, 82, 70, 10, 78, 13, 14, 74, 71])
Indices prune tensor([65,  3, 48])
Remaining indices tensor([96, 23, 24, 26, 68, 54, 86, 67,  0, 77, 50, 95, 75, 85, 15, 45, 97, 88,
        47, 94, 56, 22, 72, 66, 91, 62, 12, 51,  2, 33, 79, 31, 83, 99,  4, 84,
        52, 30, 57, 80, 44, 87, 90, 76, 20, 89, 16, 18, 73, 60, 17, 42, 41, 36,
        39, 28, 92, 40, 46, 81, 59,  8, 21, 11])
property no 417
Initial sparsity 62
Optimal Sparsity 1
zero indices tensor([31, 69, 68, 66, 25, 64, 27, 63, 29, 30, 71, 53, 50, 35, 48, 37, 38, 43,
        40, 42, 86,  3,  4,  5,  6, 98,  8, 93, 91, 85, 13, 84, 83, 78, 75, 74,
        19,  2])
Indices prune tensor([34, 87, 89, 15, 26, 12, 96, 61, 81, 41, 77, 51, 45, 92, 44,  9, 55, 14,
        58, 90, 65, 52, 82, 24, 39, 70, 17, 54, 23, 57, 97, 28,  0, 95, 99, 33,
        10,  7, 36, 49, 80, 11, 47,  1, 16, 46, 22, 60, 20, 94, 88, 62, 72, 32,
        76, 79, 73, 67, 56, 59, 18])
Remaining indices tensor([21])
property no 419
Initial sparsity 71
Optimal Sparsity 11
zero indices tensor([37, 72, 23, 71, 69, 68, 28, 31, 32, 33, 93, 63, 62, 61, 60, 43, 59, 45,
        54, 53, 19,  3, 18, 73,  5, 78,  6,  8,  9])
Indices prune tensor([48, 34, 84, 87, 89, 15, 26, 12, 96, 81, 41, 77, 51, 92, 44, 35, 13, 38,
        55, 91, 14, 83, 58, 90, 74, 42, 65, 52,  2, 82, 85, 24, 86, 39, 70, 17,
        25, 57,  4, 97,  0, 50, 95, 99, 10,  7, 36, 49, 80, 11, 47,  1, 16, 75,
        46, 29, 66, 22, 64, 20])
Remaining indices tensor([94, 88, 30, 76, 40, 79, 67, 56, 98, 27, 21])
property no 420
Initial sparsity 62
Optimal Sparsity 36
zero indices tensor([53, 25, 27, 85, 31, 33, 80, 37, 41, 78, 48, 49, 76, 81, 75, 55, 56, 57,
        59, 73, 63, 64, 68, 69, 70,  2, 93, 13, 92, 95, 10,  9,  7,  6, 89,  5,
         4, 98])
Indices prune tensor([74, 65, 77, 15, 84, 91, 43, 71, 26, 97, 40, 66, 54, 34, 46, 47, 28, 17,
        42, 51, 94, 32, 16, 82, 67, 88])
Remaining indices tensor([58, 61, 96, 11, 83, 86,  1, 30,  0, 12, 24, 44, 90, 87, 60,  3, 79, 19,
        72, 38, 20, 21, 23, 39, 62, 29, 52,  8, 50, 35, 36, 99, 14, 45, 18, 22])
property no 429
Initial sparsity 62
Optimal Sparsity 13
zero indices tensor([42, 25, 84, 27, 83, 82, 81, 77, 35, 36, 37, 40, 32, 69, 47, 49, 53, 55,
        68, 58, 60, 66, 65,  8, 11, 23,  5, 93, 15, 16,  6, 95, 87, 19, 97, 21,
        22,  1])
Indices prune tensor([48, 85, 80,  9, 20, 54,  0, 78, 72, 24, 43, 92, 28, 51, 76, 50, 26, 30,
         4, 31, 62, 61, 74, 67, 34, 75, 86, 79, 12, 71, 46, 64, 70, 91, 57, 73,
        39,  3,  2, 45, 13, 44, 56, 10, 89, 29, 96, 41, 90])
Remaining indices tensor([14, 33, 94, 52, 88, 98, 38, 17, 18, 99,  7, 59, 63])
property no 440
Initial sparsity 66
Optimal Sparsity 22
zero indices tensor([30, 82, 19, 72, 69, 25, 27, 28, 65, 21, 64, 32, 58, 53, 50, 47, 40, 43,
        91, 98,  2,  3, 93,  5,  6,  7,  8, 17, 88, 11, 87, 13, 83, 16])
Indices prune tensor([68, 24, 34, 74, 62, 60, 96, 77, 20, 45, 61, 81, 92,  1, 26, 73, 44, 23,
        48, 94, 33, 97, 18, 38, 15, 22, 56,  0, 14, 78, 89, 95, 76, 42, 84,  4,
        86, 55, 85, 31, 39, 99, 79, 57])
Remaining indices tensor([10, 66, 49, 80, 52, 54,  9, 36, 41, 71, 37, 12, 51, 46, 67, 75, 35, 90,
        70, 63, 29, 59])
property no 442
Initial sparsity 62
Optimal Sparsity 3
zero indices tensor([32, 71, 69, 64, 25, 26, 27, 28, 29, 63, 31,  1, 33, 61, 60, 59, 57, 39,
        55, 53, 47, 19, 98, 93, 92,  5,  6,  7, 86,  9, 84, 82, 13, 14, 78, 74,
        73, 20])
Indices prune tensor([65,  3, 48, 96, 23, 24, 68, 54, 49, 67,  0, 10, 77, 50, 95, 75, 85, 15,
        45, 97, 88, 94, 56, 22, 72, 66, 91, 62, 12, 70, 51,  2, 79, 34, 83, 99,
         4, 58, 52, 35, 30, 80, 43, 44, 87, 90, 76, 89, 16, 18, 37, 17, 42, 41,
        38, 36, 40, 46, 81])
Remaining indices tensor([ 8, 21, 11])
property no 447
Initial sparsity 55
Optimal Sparsity 8
zero indices tensor([64, 34, 35, 38, 39, 40, 41, 45, 49, 51, 54, 55, 56, 59, 60, 63,  1, 65,
        69, 74, 75, 76, 77, 81, 91, 92, 93, 94, 96, 97, 98, 99, 14,  8,  7, 25,
         6, 20, 11,  5, 18, 17, 15, 30, 32])
Indices prune tensor([ 2, 57, 24, 87, 78, 10, 33, 44, 84, 58, 95,  4, 72, 86, 89, 79, 71, 48,
        62, 53, 67, 68, 42, 66, 37,  3, 13,  9, 36, 73, 85, 12, 80, 83, 23, 26,
         0, 31, 70, 16, 22, 50, 47, 46, 88, 27, 19])
Remaining indices tensor([82, 90, 61, 43, 52, 28, 29, 21])
property no 448
Initial sparsity 69
Optimal Sparsity 55
zero indices tensor([69, 27, 32, 34, 40, 43, 47,  0, 53, 62, 65, 68, 50, 73, 74, 78, 79, 83,
        87, 89, 93, 94, 99,  1, 15, 18, 19,  6,  5, 20, 21])
Indices prune tensor([26, 86, 48, 42, 91, 24, 97, 77, 39, 96, 49, 25, 80, 76])
Remaining indices tensor([ 2,  9, 88, 72, 44,  7,  4, 57, 95, 85, 45, 38, 58, 13, 98, 61, 30, 10,
        75, 54, 55, 70,  3, 11, 17, 82, 51, 66, 84, 92, 90, 64, 67, 28, 36, 16,
        52, 23, 60, 71, 33, 41, 29, 22, 12, 37, 31, 14,  8, 63, 46, 59, 81, 56,
        35])
property no 452
Initial sparsity 65
Optimal Sparsity 22
zero indices tensor([75, 25, 87, 27, 86, 31, 82, 34, 35, 38, 78, 41, 84, 43, 45, 74, 73, 50,
        72, 69, 67, 66, 56, 63, 88,  0,  3,  4,  5,  6, 93, 13, 20, 21, 22])
Indices prune tensor([48, 89, 15, 71, 26, 12, 96, 19, 61, 81, 77, 51, 92, 44,  9, 55, 91, 14,
        83, 58, 90, 42, 65, 52,  2, 85, 24, 39, 70, 17, 54, 23, 57, 97, 28, 53,
        95, 99, 33, 10,  7, 36, 49])
Remaining indices tensor([80, 11, 47,  1, 16, 68, 46, 29, 60, 64,  8, 94, 62, 30, 32, 76, 40, 79,
        37, 59, 98, 18])
property no 462
Initial sparsity 64
Optimal Sparsity 2
zero indices tensor([57, 28, 32, 35, 36, 37, 40, 42, 43, 47, 48, 50, 54, 55,  1, 63, 69, 70,
        71, 74, 82, 83, 84, 87, 90, 92, 93, 97, 13, 11,  8,  2, 25,  7,  6,  5])
Indices prune tensor([68, 24, 34, 62, 60, 96, 77, 20, 45, 61, 81, 26, 73, 44, 23,  3, 94, 33,
        18, 38, 15, 98, 22, 56,  0, 16, 14, 78, 89, 95, 76, 19, 58, 65,  4, 86,
        85, 64, 53, 31, 39, 99, 79, 88, 10, 66, 30, 49, 80, 52,  9, 41, 91, 27,
        17, 12, 51, 46, 72, 67, 75, 29])
Remaining indices tensor([59, 21])
property no 469
Initial sparsity 76
Optimal Sparsity 16
zero indices tensor([66, 19, 27, 30, 32, 49, 51, 52, 53, 59, 50, 68, 69, 70, 74, 86, 90, 93,
        99, 18, 10,  6,  5, 17])
Indices prune tensor([77, 84, 34, 65, 82,  1, 85, 60, 62, 76, 31, 13, 57, 44,  3, 23, 67,  7,
        45, 38, 33, 83, 48, 87, 40, 41, 91, 78,  2, 28, 94, 36, 72, 15,  9, 55,
        47, 24, 64, 42, 25, 14, 12, 73,  4, 43, 71, 95, 58, 35, 89, 26, 80, 96,
        97, 16, 46, 98, 61,  0])
Remaining indices tensor([81, 11, 54, 20, 75, 39, 88, 56, 92, 79, 29, 37, 63,  8, 22, 21])
property no 471
Initial sparsity 72
Optimal Sparsity 45
zero indices tensor([66, 27, 29, 30, 32, 39, 44, 47, 53, 60, 64, 65, 50, 67, 69, 74, 79, 80,
        82, 87, 94, 97, 99,  5,  6, 16, 15, 11])
Indices prune tensor([48, 34,  3, 84, 89, 71, 26, 12, 96, 19, 61, 81, 41, 77, 31, 51, 45, 92,
         9, 35, 13, 38, 55, 91, 14, 83, 58])
Remaining indices tensor([90, 42, 52,  2, 85, 24, 86, 70, 17, 25, 54, 23, 57,  4, 28,  0, 95, 33,
        10,  7, 36, 49, 78,  1, 75, 68, 46, 22,  8, 20, 43, 88, 62, 72, 76, 93,
        40, 73, 37, 56, 59, 98, 18, 21, 63])
property no 472
Initial sparsity 65
Optimal Sparsity 7
zero indices tensor([48, 20, 69, 61, 25, 59, 58, 54, 51, 49, 63, 34, 35, 36, 37, 38, 39, 40,
        41, 43, 80,  5,  6,  7, 91, 90, 92, 10, 11, 78, 14, 97, 75, 98, 71])
Indices prune tensor([77, 84, 65, 82,  1, 85, 60, 86, 62, 76, 31, 50, 13, 57, 44,  3, 53, 23,
        67, 30, 45, 33, 83, 87,  2, 27, 70, 28, 94, 18, 72, 15,  9, 55, 47, 99,
        68, 74, 24, 64, 42, 12, 73, 32, 52,  4, 95, 89, 26, 17, 96, 16, 46, 66,
         0, 81, 88, 56])
Remaining indices tensor([19, 79, 93, 29,  8, 22, 21])
property no 473
Initial sparsity 74
Optimal Sparsity 71
zero indices tensor([73, 83, 21, 80, 79, 29, 30, 75, 32,  1, 37, 38, 71, 40, 69, 63, 53, 55,
         3,  8, 97,  5,  6,  7, 11, 94])
Indices prune tensor([ 2, 57, 15])
Remaining indices tensor([24, 87, 49, 78, 10, 33, 44, 84, 76, 58, 56, 95,  4, 72, 74, 86, 89, 45,
        77, 48, 39, 62, 60, 67, 18, 68, 42, 41, 66, 25, 81, 20, 99, 34, 13,  9,
        36, 65, 85, 12, 92, 23, 26,  0, 96, 31, 91, 17, 70, 16, 22, 50, 47, 46,
        88, 35, 27, 19, 82, 90, 64, 54, 61, 43, 52, 51, 59, 28, 14, 98, 93])
property no 475
Initial sparsity 72
Optimal Sparsity 1
zero indices tensor([60, 27, 28, 30, 32, 35, 36, 45, 46, 47, 50, 54,  1, 67, 69, 74, 79, 81,
        82, 87, 90, 93, 95, 97,  8,  6, 21,  5])
Indices prune tensor([48, 34,  3, 84, 89, 15, 71, 26, 12, 96, 19, 61, 41, 77, 31, 51, 92, 44,
         9, 13, 38, 55, 91, 14, 83, 58, 42, 65, 52,  2, 85, 24, 86, 39, 70, 17,
        25, 23, 57,  4,  0, 53, 99, 33, 10,  7, 49, 80, 11, 78, 16, 75, 68, 29,
        66, 22, 64, 20, 94, 43, 88, 62, 72, 76, 40, 73, 37, 56, 59, 98, 18])
Remaining indices tensor([63])
property no 481
Initial sparsity 77
Optimal Sparsity 24
zero indices tensor([ 0, 43, 33, 48, 49, 53, 27, 62, 25, 24, 68, 69, 73, 74, 79, 82, 13, 12,
        85, 86, 99,  5,  6])
Indices prune tensor([80,  9, 16, 42, 15, 87, 20, 54, 23, 78, 60, 72, 55, 92, 28, 51, 76, 50,
        77, 26, 30, 37,  4, 31, 97, 61, 36, 66, 47, 58, 67, 11, 34, 75, 71, 19,
        46, 64, 81, 65, 70, 35, 40, 91, 57, 84, 39,  3,  2, 45,  1, 44, 56])
Remaining indices tensor([32, 10, 89, 29, 96, 95, 41, 90, 14, 94, 52, 88, 98, 38, 17, 18, 22, 93,
        83,  8,  7, 59, 63, 21])
property no 482
Initial sparsity 73
Optimal Sparsity 8
zero indices tensor([78, 32, 59, 58, 60, 55, 69, 54, 25, 36, 23, 39, 50, 20, 45, 18,  3, 81,
        84,  5, 88, 11, 90, 91, 44,  7,  6])
Indices prune tensor([77, 34, 65, 82,  1, 85, 86, 62, 49, 76, 31, 13, 57, 53, 67, 30, 38, 33,
        83, 48, 87, 40, 41,  2, 27, 70, 51, 28, 94, 72, 15,  9, 47, 99, 68, 74,
        24, 64, 42, 14, 12, 73, 52,  4, 43, 71, 95, 10, 35, 89, 26, 17, 80, 96,
        97, 16, 46, 98, 61, 66,  0, 75, 56, 19, 92])
Remaining indices tensor([79, 93, 29, 37, 63,  8, 22, 21])
property no 484
Initial sparsity 64
Optimal Sparsity 23
zero indices tensor([32, 21, 22, 23, 24, 69, 65, 28, 62, 60, 31,  1, 33, 57, 36, 37, 56, 55,
        40, 53, 47, 71,  2,  3,  0,  5,  6, 97, 93, 91, 83, 82, 13, 81, 18, 20])
Indices prune tensor([15, 44, 16, 95, 68, 49, 51, 72, 78, 64, 96,  9, 54, 58, 30, 41, 77, 39,
        48, 79, 12, 75, 73, 67, 46, 11, 34, 88, 85, 98, 89, 52, 90, 10, 43, 74,
        61, 80, 35, 94, 92])
Remaining indices tensor([86, 17, 84, 25, 26,  4,  7, 99, 87, 29, 14, 66, 19, 42, 50, 38, 76, 45,
        70,  8, 27, 63, 59])
property no 486
Initial sparsity 68
Optimal Sparsity 20
zero indices tensor([32, 84, 19, 53, 82, 49, 29, 68, 47, 64, 79, 77, 37, 74, 69, 72, 42, 70,
        16, 60,  4,  5,  6,  7, 58,  9, 93, 11, 57, 13, 88, 55])
Indices prune tensor([25, 65,  3, 48, 96, 23, 24, 26, 54, 86, 67,  0,  1, 10, 50, 95, 75, 85,
        15, 45, 97, 94, 56, 22, 66, 71, 91, 62, 12, 51,  2, 33, 98, 34, 31, 83,
        99, 52, 35, 30, 80, 43, 44, 87, 90, 76, 20, 14])
Remaining indices tensor([78, 89, 18, 73, 17, 27, 41, 61, 38, 36, 39, 28, 92, 40, 46, 81, 59,  8,
        21, 63])
property no 489
Initial sparsity 63
Optimal Sparsity 57
zero indices tensor([80, 78, 21,  0, 23, 46, 25, 92, 45, 44, 93, 30, 90, 81, 34, 35, 40, 39,
        38, 63, 65, 69, 98, 97,  5,  6, 96,  8, 10, 11, 94, 60, 56, 77, 16, 17,
        18])
Indices prune tensor([ 2, 57, 15, 24, 87, 49])
Remaining indices tensor([33, 84, 76, 58, 95,  4, 72, 74, 86, 89,  1, 79, 71, 48, 62, 53, 67, 68,
        42, 41, 66, 37,  3, 20, 99, 13,  9, 36, 73, 85, 12, 55, 83, 26, 31, 91,
        70, 22, 50, 47, 88, 27, 19, 82, 64, 54, 61, 43, 52, 51, 59, 28, 14, 32,
         7, 75, 29])
property no 490
Initial sparsity 68
Optimal Sparsity 2
zero indices tensor([42, 91, 24, 25, 26, 27, 88, 29, 32, 36, 38, 31, 44, 46, 48, 78, 75, 74,
        73, 69, 59, 63, 21, 20, 19,  7, 17, 16,  6,  3,  5, 13])
Indices prune tensor([87, 68, 34, 62, 60, 96, 77, 45, 61, 81, 92, 47,  1, 28, 50, 23, 94, 33,
        97, 40, 18, 15, 43, 98, 22, 56,  0, 14, 89, 11, 95, 76, 58, 65, 84,  4,
        86, 55, 85, 64, 53, 39, 99,  2, 79, 57, 10, 66, 30, 49, 80, 52, 54,  9,
        41, 93, 82, 71, 37, 12, 51, 72, 83,  8, 67, 35])
Remaining indices tensor([90, 70])
property no 493
Initial sparsity 60
Optimal Sparsity 8
zero indices tensor([85, 27, 91, 31, 34, 36, 37, 88, 41, 44, 87, 48, 86, 38, 82, 57, 59, 78,
        63, 66, 67, 69, 70, 73, 75,  0, 16,  4,  5, 19, 20, 94, 21, 13, 25, 92,
        98, 12,  6,  7])
Indices prune tensor([68, 24, 74, 62, 60, 96, 77, 45, 61, 81, 47,  1, 26, 28, 50, 23,  3, 33,
        97, 40, 18, 15, 43, 22, 56, 14, 89, 11, 95, 32, 76, 58, 42, 65, 84, 55,
        64, 53, 39, 99,  2, 79, 10, 30, 49, 80, 52, 54,  9, 93, 71, 17])
Remaining indices tensor([51, 46, 72, 83,  8, 35, 90, 29])
property no 495
Initial sparsity 63
Optimal Sparsity 8
zero indices tensor([59, 29, 30, 32, 35, 36, 38, 47, 50, 51, 54, 55, 57, 58,  1, 60, 64, 65,
        69, 71, 74, 75, 76, 77, 81, 88, 97, 17,  4,  5,  6,  7,  9, 23, 11, 15,
        14])
Indices prune tensor([84, 34, 82, 85, 86, 62, 49, 31, 13, 44,  3, 53, 67, 45, 33, 83, 48, 87,
        40, 41, 91, 78,  2, 27, 70, 28, 94, 18, 72, 99, 68, 24, 42, 25, 12, 73,
        52, 43, 95, 10, 89, 26, 80, 96, 16, 46, 98, 61, 66,  0, 20, 39, 56, 19,
        92])
Remaining indices tensor([79, 93, 37, 63,  8, 90, 22, 21])
property no 499
Initial sparsity 59
Optimal Sparsity 34
zero indices tensor([64, 30, 32, 35, 36, 39, 40, 41, 42, 45, 49, 50, 54, 56, 60,  1, 65, 69,
        72, 73, 74, 78, 90, 91, 92, 93, 94, 96, 97, 24, 18, 17, 20, 15, 14, 11,
        26,  6, 27,  5,  0])
Indices prune tensor([ 2, 57, 38, 87, 10, 33, 44, 84, 76, 58, 95,  4, 86, 89, 79, 71, 77, 48,
        62, 53, 67, 68, 66, 37, 25])
Remaining indices tensor([81,  3, 99, 34, 13,  9, 85, 12, 55, 80, 83, 23, 31, 70, 16, 22, 47, 46,
        88, 19, 82, 61, 43, 52, 51, 59,  8, 28,  7, 75, 98, 29, 21, 63])
