property no 0
Initial sparsity 59
Optimal Sparsity 3
zero indices tensor([48, 22, 53, 24, 65, 80, 68, 28, 76, 70, 31, 55, 33, 47, 46, 36, 43, 38,
        39, 40, 71, 11, 59,  2, 58, 97,  5, 57, 94, 93,  9, 92, 12, 13, 91, 90,
        16, 88, 18, 61, 20])
Indices prune tensor([ 1, 37, 72, 25, 87, 30, 44, 73, 86, 85, 62, 49, 95, 98, 41, 75, 78, 45,
        99, 29, 15, 51, 89, 42, 10, 35, 19, 17,  8, 63, 21,  0, 27, 66, 81,  4,
        23, 60,  6, 82, 54, 74, 83,  7, 77, 32, 34, 64, 79, 84, 96, 69, 52, 67,
        50, 26])
Remaining indices tensor([56,  3, 14])
property no 1
Initial sparsity 59
Optimal Sparsity 2
zero indices tensor([43, 83, 28, 29, 82, 32, 79, 35, 37, 77, 40, 41, 42, 34, 45, 47, 76, 49,
        50, 51, 52, 74, 71, 69, 65, 68, 11,  0,  2,  3,  7,  8,  9, 10, 26, 88,
        16, 25, 21, 84, 20])
Indices prune tensor([87, 12, 56, 44,  5, 70, 36, 90, 73, 85, 13, 59, 63, 86, 31, 93, 61, 46,
        19, 72, 64, 66, 18, 62, 94, 78, 99, 39, 57, 81, 58, 91, 23, 17, 27, 15,
        24, 38, 55, 92, 75, 30, 14, 96, 60, 97, 53, 48, 54,  6, 98, 95, 89,  4,
         1, 80, 67])
Remaining indices tensor([22, 33])
property no 2
Initial sparsity 86
Optimal Sparsity 1
zero indices tensor([37, 43, 44, 20, 47, 51, 68, 29,  9, 52,  7, 70,  5, 85])
Indices prune tensor([76, 25, 11, 79, 88, 87, 40, 93, 19, 45, 59, 58, 12, 90, 86, 97, 31, 84,
        42, 89, 53, 61, 28, 77, 32, 78, 81, 66, 98, 94, 60, 34, 24, 17,  0, 65,
        18, 22, 41, 63,  3, 92, 46, 64, 49, 75,  8, 36, 55,  1, 91, 69, 95, 48,
         6, 62, 13, 99, 67, 10, 83, 73, 72, 16, 23, 35, 21, 57, 50, 80, 54, 27,
        74, 30, 26, 15,  4, 82, 39, 56, 96, 38, 71, 14,  2])
Remaining indices tensor([33])
property no 3
Initial sparsity 52
Optimal Sparsity 1
zero indices tensor([73, 79, 30, 78, 34, 35, 36, 37, 40, 77, 76, 46, 47, 49, 33, 71, 70, 54,
        56, 57, 59, 60, 61, 62, 68, 64, 66, 80, 99, 96,  3,  5, 91,  7, 90,  9,
        10, 11, 12, 13, 88, 16, 18, 27, 25, 84, 20, 86])
Indices prune tensor([87, 55, 32, 41, 15, 92, 23, 51, 38, 69, 39, 21, 22, 65, 42, 29, 74, 45,
         1, 44, 75, 14, 28, 43,  0, 81, 72, 83, 82, 63, 24, 50,  2,  8, 48, 19,
        17, 98, 52, 95,  4, 31,  6, 26, 85, 58, 67, 94, 93, 89, 53])
Remaining indices tensor([97])
property no 4
Initial sparsity 57
Optimal Sparsity 3
zero indices tensor([62, 76, 25, 72, 68, 28, 66, 30, 64, 32, 33, 82, 60, 59, 37, 38, 57, 40,
        41, 42, 55, 46, 11, 99, 98, 95,  4,  5,  6,  7, 92, 91, 10, 86, 12, 13,
        90, 89, 88, 17, 18, 19, 20])
Indices prune tensor([44, 54, 87,  1, 51, 47, 24, 15,  3, 29, 73, 71, 93, 39, 70, 85,  8, 81,
        49, 27, 14, 26, 35, 58, 79, 96, 77, 22, 52, 45, 34, 23, 83, 97, 78, 80,
        65, 48, 31, 43, 84, 75,  2, 61, 50, 36, 67, 63,  9, 16, 21, 56,  0, 69])
Remaining indices tensor([94, 74, 53])
property no 5
Initial sparsity 78
Optimal Sparsity 1
zero indices tensor([44, 19, 20, 25, 89, 88, 29, 37, 43, 85, 45, 47, 51, 52, 53, 58, 68, 70,
         9,  5,  7, 93])
Indices prune tensor([76, 11, 87, 97, 31, 40, 92, 42, 59, 66, 94, 12, 86, 90, 60, 77, 61, 41,
        79, 95, 98, 81, 78, 32, 28, 22, 48, 18, 46, 24,  0, 84, 34, 65, 17,  8,
         3, 62, 91, 49, 63,  1, 55, 36, 10, 75, 64, 72, 99,  6, 69, 73, 23, 16,
        83, 35, 13, 67, 21,  4, 57, 27, 80, 54, 30, 50, 15, 26, 38, 39, 74, 96,
        56, 82, 14,  2, 71])
Remaining indices tensor([33])
property no 6
Initial sparsity 63
Optimal Sparsity 3
zero indices tensor([76, 28, 32, 40, 42, 44, 51, 52, 53, 55, 59, 60, 61, 68,  1, 82, 83, 85,
        86, 87, 88, 89, 91, 95, 97, 98, 99, 19,  7,  9, 11,  6, 24, 18, 25, 12,
        26])
Indices prune tensor([20, 37, 33,  5, 14, 39, 93, 90, 62, 46,  3, 38, 15,  4, 13, 77, 41, 31,
        67, 22,  8, 66, 47, 72, 17, 78, 92, 58, 81, 29, 35, 70, 57, 54, 64, 94,
        30, 21, 43, 34, 23, 45, 96, 63, 36, 84, 80, 79, 65, 50,  2, 75, 74, 10,
        71, 27, 49, 69,  0, 48])
Remaining indices tensor([56, 73, 16])
property no 7
Initial sparsity 73
Optimal Sparsity 3
zero indices tensor([33, 18, 19, 20, 97, 65, 94, 28, 62, 76, 60, 37, 58, 86, 40, 52, 88, 51,
        98,  4,  5, 72, 17, 82, 99, 11, 83])
Indices prune tensor([24, 12, 68, 95, 25, 93, 87,  6, 41, 55, 54, 90, 84, 59, 92, 23,  2, 44,
        42, 47, 36, 74, 13, 64, 91, 29, 61,  8,  3,  7, 46,  0, 49, 34, 35, 75,
        80, 89, 14, 15, 39, 45, 32, 71, 63, 79, 53, 10, 96,  1, 38, 48, 30, 70,
        43, 57, 77, 31, 69, 27, 66, 73, 81, 56, 85,  9, 16, 22, 26, 67])
Remaining indices tensor([21, 78, 50])
property no 9
Initial sparsity 67
Optimal Sparsity 3
zero indices tensor([33, 20, 88, 24, 78, 28, 76, 72, 70, 68, 99, 36, 38, 39, 40, 62, 46, 59,
        57, 55, 98, 97,  5, 89, 90,  6, 92, 13, 12, 11, 93, 95, 94])
Indices prune tensor([80, 25, 18, 61, 58, 91, 37, 87, 66, 41, 86, 44, 96, 60, 19, 51, 65,  9,
        67,  1,  8, 83, 29,  7, 27, 14, 34, 30, 47, 64, 43,  2, 15, 35, 42, 17,
         4, 82, 63, 54, 85,  3, 53, 32, 23, 84, 48, 74, 81, 45, 52, 31, 75, 22,
        71,  0, 77, 16, 49, 26, 73, 21, 79, 10])
Remaining indices tensor([56, 69, 50])
property no 10
Initial sparsity 52
Optimal Sparsity 1
zero indices tensor([79, 30, 32, 33, 34, 35, 36, 37, 39, 40, 43, 46, 82, 49, 38, 78, 59, 60,
        61, 62, 66, 77, 68, 71, 73, 74, 76,  5, 15, 11, 16,  9,  8, 91,  7, 92,
        13, 19, 20, 96, 88, 87, 86, 25, 99, 84,  2,  0])
Indices prune tensor([90, 57, 12, 80, 28, 41, 64, 21, 44, 45, 10, 55, 81, 51, 27, 70, 69, 56,
        29, 65, 54, 83, 47, 42, 72, 63, 14,  1,  3, 22, 23, 75,  4, 48, 52, 94,
        26, 24, 18, 58,  6, 50, 53, 95, 67, 89, 98, 93, 31, 17, 85])
Remaining indices tensor([97])
property no 11
Initial sparsity 57
Optimal Sparsity 1
zero indices tensor([51, 28, 29, 90, 34, 37, 40, 41, 43, 45, 46, 86, 49, 84, 87, 54, 82, 60,
        61, 62, 63, 64, 67, 68, 71, 76, 79, 78, 17,  6,  5,  9, 10, 11, 12, 13,
        14, 19, 99, 25,  3, 96, 98])
Indices prune tensor([36, 59, 88, 81,  7, 75, 20, 44, 57, 35, 66, 18, 32, 16, 42, 15, 69, 52,
        80, 27, 56, 74,  0, 95, 83, 73,  8, 26,  4, 70, 21,  2, 72, 33, 47,  1,
        89, 77, 50, 85, 30, 24, 97, 91, 55, 94, 22, 23, 39, 65, 31, 92, 38, 48,
        93, 58])
Remaining indices tensor([53])
property no 12
Initial sparsity 67
Optimal Sparsity 2
zero indices tensor([68, 25, 33, 38, 40, 41, 44, 46, 55, 57, 58, 59,  1, 72, 76, 89, 90, 91,
        92, 93, 95, 97, 98, 99, 24, 13, 12, 11, 17, 18, 19, 20,  6])
Indices prune tensor([88, 37,  5, 66, 94, 86, 28, 39, 87, 80, 47, 62, 83, 30,  8, 35, 29, 36,
        42, 61, 51, 65, 60,  7, 14, 82, 27,  4,  0, 70, 52, 34, 23, 84, 45, 67,
        63, 32, 96, 49, 15, 64, 10,  2, 85, 74, 81, 75, 43,  9,  3, 78, 54, 26,
        77, 48, 31, 71, 79, 53, 22, 73, 16, 69, 21])
Remaining indices tensor([50, 56])
property no 13
Initial sparsity 55
Optimal Sparsity 1
zero indices tensor([71, 27, 76, 30, 90, 73, 35, 36, 38, 40, 46, 49, 88, 33, 70, 68, 56, 57,
        86, 59, 60, 61, 62, 84, 64, 66, 25, 80,  5, 96,  7, 79,  9, 10, 11, 12,
        13, 15, 99,  2, 92, 91, 20, 19, 77])
Indices prune tensor([37, 42, 87, 14, 45, 55, 34, 21, 44, 78, 43, 72, 18, 41, 95, 74, 39, 81,
        48, 16,  0, 51, 47,  4, 63, 23, 82, 65, 22, 52, 28, 83, 69,  8, 54, 32,
        29,  1, 58,  3, 75, 94, 50, 26, 98, 24,  6, 17, 53, 67, 31, 89, 93, 85])
Remaining indices tensor([97])
property no 14
Initial sparsity 72
Optimal Sparsity 2
zero indices tensor([68, 85, 84, 29, 37, 87, 79, 43, 44, 22, 89, 20, 77, 47, 17, 49, 51, 52,
        53, 11, 94,  9, 97, 70,  0,  5, 98, 61])
Indices prune tensor([25, 76, 60,  1, 88, 59, 93, 40,  7, 12, 92, 90, 42, 58, 86, 34, 32, 31,
        69, 65, 24, 28,  3, 16, 55, 45, 19, 83, 75, 81,  6, 63, 41, 67, 23, 18,
        64, 74, 99, 35, 95, 66, 91, 10, 46, 36, 73, 72, 13, 54, 78, 82, 21, 80,
        50, 30,  8,  4, 26, 48, 62, 15, 27, 57, 71, 56, 96,  2, 33, 39])
Remaining indices tensor([14, 38])
property no 15
Initial sparsity 58
Optimal Sparsity 1
zero indices tensor([40, 26, 28, 77, 76, 32, 33, 34, 35, 36, 37, 74, 39, 79, 71, 69, 43, 44,
        68, 61, 49, 51, 52, 53, 54, 84,  9, 11, 12, 88, 87, 97,  6, 17, 83, 20,
        21, 98, 82,  0,  2, 25])
Indices prune tensor([15, 63, 59, 90, 86, 94, 24, 30, 80, 58,  1, 92, 99, 45, 18, 67, 19, 96,
        75, 78, 22, 81, 64,  5, 14,  4,  8, 65, 56, 13, 55, 60, 91, 57, 95, 85,
        31, 89, 70, 41, 16, 42, 23, 29, 73, 27, 10, 72, 66, 38, 62, 50, 47,  7,
         3, 46, 93])
Remaining indices tensor([48])
property no 16
Initial sparsity 58
Optimal Sparsity 3
zero indices tensor([33, 88, 24, 25, 86, 82, 28, 76, 30, 72, 59, 58, 68, 46, 36, 38, 39, 40,
        41, 62, 61, 60, 10, 55,  2, 99,  4,  5,  6, 98, 95, 92, 11, 12, 13, 91,
        57, 90, 17, 18, 19, 20])
Indices prune tensor([89, 37, 44,  0, 66, 87, 15, 51, 71,  1,  7, 47, 94, 27, 93, 97, 42, 80,
        73, 29, 96,  8, 14, 49,  9, 65, 45, 70, 32, 64, 75, 35, 84, 83, 23, 63,
        81, 34, 48, 74, 52, 43, 54,  3, 22, 78, 79, 85, 53, 26, 16, 67, 31, 21,
        77])
Remaining indices tensor([56, 69, 50])
property no 17
Initial sparsity 52
Optimal Sparsity 1
zero indices tensor([68, 30, 31, 76, 33, 75, 36, 37, 38, 39, 40, 41, 73, 71,  1, 65, 46, 47,
        48, 49, 62, 51, 61, 53, 59, 55, 58, 57, 18, 94, 92,  9, 11, 12, 13, 91,
        16,  5, 88, 20, 87, 22, 97, 86, 24, 25, 80,  2])
Indices prune tensor([90, 10, 93, 28, 78, 98, 35, 17, 27, 99, 44, 85, 15, 43, 45, 70, 72, 42,
        23, 19, 21, 54, 29, 96, 89, 63,  4,  0, 83, 82,  8, 81, 66, 60, 74, 34,
        69, 95, 64, 32,  7,  6, 77, 79, 56,  3, 84, 26, 50, 52, 14])
Remaining indices tensor([67])
property no 19
Initial sparsity 72
Optimal Sparsity 2
zero indices tensor([82, 33, 40, 41, 42, 51, 58, 59, 62, 68, 76,  1, 85, 88, 89, 90, 91, 95,
        97, 98, 99,  4,  6, 18, 11, 19, 20, 12])
Indices prune tensor([37, 86, 87, 24, 25, 17,  5, 28, 32, 26, 44, 93, 83,  7, 66, 70, 31, 47,
        13, 14, 64,  3, 46, 92, 60, 38, 54, 55, 77, 30, 52, 81,  8, 29, 10, 45,
        72, 65, 39, 57, 34, 15, 78, 22, 23, 49, 96, 53, 43, 50, 35, 79, 27, 73,
        67, 63, 21, 69, 84, 48, 75, 36, 61, 94,  9, 71,  2,  0, 80, 16])
Remaining indices tensor([74, 56])
property no 21
Initial sparsity 69
Optimal Sparsity 3
zero indices tensor([79, 90, 25, 26, 88, 87, 86, 33, 34, 83, 82, 40, 84, 49, 51, 52, 76, 54,
        74, 60, 64, 68, 71, 99,  6, 96, 11, 12, 17, 18, 20])
Indices prune tensor([57, 37, 78, 59, 98, 69, 10, 42, 32, 14, 15, 75,  5, 13, 81,  2, 95, 66,
        44,  3, 61, 67, 41, 47, 45, 21, 29, 62, 19, 89, 35, 16, 63, 56, 43, 97,
         8, 73, 70, 27,  1, 80, 36, 46, 28, 72,  7,  9, 77, 50,  4,  0, 22, 55,
        23, 24, 91, 30, 85, 65, 58, 38, 31, 94, 92, 39])
Remaining indices tensor([53, 93, 48])
property no 22
Initial sparsity 60
Optimal Sparsity 1
zero indices tensor([34, 96, 71, 25, 81, 27, 29, 68, 66, 82, 64, 95, 62, 61, 37, 60, 40, 41,
        57, 45, 46, 10, 84, 99,  3, 79, 54,  6, 76, 75,  9, 98, 11, 12, 13, 86,
        51, 17, 18, 49])
Indices prune tensor([88, 59, 20, 44, 87, 90, 28, 15, 43, 80,  5, 19, 78, 14, 52,  0, 32,  7,
        33, 72, 42, 73, 63, 67, 83, 70, 26, 47, 36,  4,  8, 35, 30, 89, 24, 56,
        91, 16,  1, 69, 97, 74, 55,  2, 85, 38, 21, 50, 23, 22, 31, 39, 94, 77,
        92, 93, 48, 65, 53])
Remaining indices tensor([58])
property no 23
Initial sparsity 65
Optimal Sparsity 1
zero indices tensor([47, 20, 84, 83, 79, 58, 59, 76, 33, 82, 74, 71, 69, 68, 40, 67, 64, 63,
        13,  6, 92,  8, 90, 89,  5, 11, 96, 98, 88,  0,  1, 87, 57, 52, 18])
Indices prune tensor([37, 12, 25, 51, 78, 77, 24, 44, 65, 32, 28, 86, 17, 34, 30, 61, 19, 54,
        49, 55, 56, 99, 15, 80, 36, 97, 81, 95, 66, 22,  2, 85, 70, 35, 27, 60,
        14, 72, 91, 75, 45, 94, 23, 53, 21,  4, 29, 10, 50, 41, 43, 31, 39, 93,
         9, 62, 16, 26, 42,  7, 73, 38,  3, 46])
Remaining indices tensor([48])
property no 24
Initial sparsity 75
Optimal Sparsity 1
zero indices tensor([17, 33, 37, 38, 40, 41, 28, 54, 24, 60, 62, 20, 19, 18, 68, 82, 99, 98,
        95,  4,  6, 91, 86, 12, 13])
Indices prune tensor([88, 46, 90, 76, 25, 11,  5, 59,  1, 89, 87, 44, 42, 72, 51, 66, 58, 30,
        32, 15, 55, 47,  3, 29, 57, 97, 81, 85, 70, 77,  8, 31, 45, 26, 10, 14,
        22, 83,  7, 64, 93, 92, 78, 34, 65, 39, 23, 49, 52, 75, 27, 73, 79, 43,
        96, 35, 50, 61, 71, 63, 84, 48,  0,  9, 36, 67, 53, 69, 80, 21,  2, 56,
        94, 16])
Remaining indices tensor([74])
property no 25
Initial sparsity 46
Optimal Sparsity 1
zero indices tensor([47, 30, 32, 33, 71, 35, 36, 37, 38, 70, 40, 86, 43, 68, 46, 96, 66, 64,
        92, 91, 90, 54, 62, 56, 57, 88, 59, 60, 61, 79,  8,  9, 10,  7, 11, 12,
        13, 80, 15, 29, 16, 99,  5, 78, 20, 81, 77, 76, 73, 25,  3, 27,  2, 28])
Indices prune tensor([87,  0, 41, 14, 21, 51, 72, 42, 74, 84, 45, 44, 39, 82, 55, 49, 34, 24,
        65, 22, 83, 63,  4,  6, 19, 26, 23, 48, 18,  1, 75, 95, 50, 85, 98, 67,
        52, 31, 69, 17, 93, 89, 94, 58, 53])
Remaining indices tensor([97])
property no 26
Initial sparsity 58
Optimal Sparsity 1
zero indices tensor([61, 30, 33, 36, 37, 38, 39, 40, 46, 48, 53, 55, 57, 58, 59,  1, 62, 65,
        68, 71, 73, 75, 76, 80, 86, 91, 92, 94, 98, 99, 20,  5, 28, 18, 17, 13,
        24, 23, 12,  9, 22, 11])
Indices prune tensor([88, 35, 41, 87, 90, 25, 10, 19, 97, 44, 31, 15, 89, 95, 49, 60, 16, 72,
        93, 70, 29, 45, 96,  4, 78,  2, 82, 27, 21, 66, 85, 81, 54, 42, 43, 51,
         6, 64, 74, 47, 32, 83, 63, 34, 14,  3,  7, 56, 69, 79, 77,  8, 52,  0,
        50, 26, 84])
Remaining indices tensor([67])
property no 27
Initial sparsity 59
Optimal Sparsity 3
zero indices tensor([76, 28, 32, 33, 38, 40, 42, 47, 51, 58, 59, 62, 64, 68,  1, 82, 85, 86,
        88, 89, 90, 91, 92, 93, 95, 98, 99, 26, 12, 13, 11, 17, 18,  7,  6, 19,
         5,  4, 20, 25, 24])
Indices prune tensor([54, 37, 41, 87, 83, 66, 14, 55, 44, 97, 60, 46,  8, 30, 34, 57, 77, 72,
        10, 52,  3, 96, 70, 29, 39, 81, 15, 31, 23, 65, 22, 67, 35, 79, 45, 49,
        27, 78, 73, 84, 71, 63, 43, 50, 48, 61, 69, 80, 75, 36, 53, 21,  2, 56,
         9, 94])
Remaining indices tensor([16,  0, 74])
property no 28
Initial sparsity 56
Optimal Sparsity 1
zero indices tensor([37, 25, 78, 62, 77, 76, 30, 73, 33, 34, 35, 36, 79, 38, 39, 40, 66, 71,
        70, 69, 49, 46, 68, 13, 59,  2, 99, 96,  5, 92,  7, 91,  9, 10, 11, 61,
        90, 15, 88, 86, 60, 20, 21, 84])
Indices prune tensor([12, 87, 65,  0, 64, 57, 45, 41, 80, 19, 27, 74, 47,  1, 81, 55, 56, 16,
        32, 43, 44, 42, 22, 48, 75, 51, 72,  8, 58, 18, 28, 29, 23, 83, 63, 94,
        14, 54, 95, 82, 52, 53,  4, 26,  3, 50, 24, 31, 17, 98, 93, 85, 89,  6,
        67])
Remaining indices tensor([97])
property no 29
Initial sparsity 78
Optimal Sparsity 2
zero indices tensor([68, 20, 29, 42, 47, 51, 52, 53, 58, 61,  1, 79, 83, 84, 87, 92, 94, 97,
        99,  9, 11, 17])
Indices prune tensor([76, 37, 88, 25, 44, 59, 12, 90, 86, 89, 98, 85, 40, 28, 93, 77, 31, 45,
        43, 70, 65, 67, 19, 64, 24,  5, 55, 18, 63, 32, 22, 49, 34, 35,  6,  7,
        46, 23, 81, 60, 41, 36, 69,  0, 10, 74, 16, 21, 91, 75, 82, 72, 66,  3,
        95, 54, 26, 73, 13, 80, 78, 33, 30, 50, 15,  4, 62,  8, 48, 57, 27,  2,
        39, 96, 14, 56])
Remaining indices tensor([71, 38])
