property no 25
Initial sparsity 60
Optimal Sparsity 1
zero indices tensor([57, 22, 23, 73, 70, 26, 64, 62, 29, 31, 61,  1, 34, 56, 36, 37, 38, 39,
        54, 53, 49, 47, 20, 96, 95, 93, 88, 86, 85,  8, 82, 10, 80, 12, 14, 15,
        78, 17, 18, 19])
Indices prune tensor([74, 46, 43, 13, 30, 99, 69, 67, 51, 90, 91, 68, 98, 77,  5, 41, 45, 55,
        50,  9, 27, 75, 89, 87, 84, 92, 35, 58,  7, 40, 81, 11, 44, 94,  6, 33,
        52, 21, 32, 72, 97, 71, 60, 24, 28, 59, 25, 42,  0, 48,  3, 66, 79, 63,
        16,  4, 65, 83, 76])
Remaining indices tensor([2])
property no 71
Initial sparsity 64
Optimal Sparsity 1
zero indices tensor([39, 22, 23, 78, 29, 31, 32, 70, 34, 37, 68, 26, 64, 62, 61, 59, 57, 47,
        56, 49, 54, 53, 86,  1, 96, 95, 93,  8, 90, 11, 12, 14, 88, 17, 85, 18])
Indices prune tensor([89, 15, 73, 80, 58, 19, 91, 46,  5, 69, 30, 36, 13, 82, 98, 99, 92, 55,
        40, 10, 20, 50,  9, 44,  7, 43,  6, 81, 27, 75, 52, 84, 45, 72, 87, 33,
        74, 71, 66, 41, 94, 21, 60, 38, 51, 77, 67, 48, 97, 24,  3, 28, 42, 35,
        63,  4, 83, 16, 25,  0, 76, 79, 65])
Remaining indices tensor([2])
property no 183
Initial sparsity 69
Optimal Sparsity 1
zero indices tensor([39, 88, 22, 23, 85, 78, 29, 30, 34, 70, 37,  1, 64, 62, 61, 47, 49, 57,
        56, 53, 54, 93, 18, 92, 17, 95,  8, 15, 14, 12, 90])
Indices prune tensor([26, 31, 19, 11, 91, 58, 32, 98, 20, 86, 40, 73, 46, 82, 69,  5, 96, 68,
        10, 44, 89, 55, 43, 99,  9, 84, 13, 75, 52, 72, 41, 36, 80, 94, 45,  7,
        27, 87, 66, 81,  6, 33, 50, 51, 38, 71, 59, 60, 74, 77, 24, 97, 67, 35,
        21, 48, 42,  3, 79, 28,  0, 25, 63,  4, 16, 76, 65, 83])
Remaining indices tensor([2])
property no 188
Initial sparsity 69
Optimal Sparsity 5
zero indices tensor([64, 34, 37, 39, 29, 49, 26, 53, 54, 56, 22, 57, 61, 62, 18, 17,  8, 96,
        95, 93, 90,  5, 88, 85, 80, 78, 11, 12, 13, 14, 70])
Indices prune tensor([50,  1, 47, 73, 23, 58, 82, 36, 19, 89, 86, 10, 77, 69,  7,  9, 15, 68,
        81, 91, 98, 41, 33, 55, 45, 75, 46, 32, 31, 40, 84, 30, 74, 66, 60, 71,
        20, 27, 44, 52, 43, 92,  3, 72, 21, 38, 51, 67, 24, 94, 99,  6, 28, 59,
        48, 87, 79, 25, 76, 83, 16, 63, 97,  4])
Remaining indices tensor([42, 65, 35,  2,  0])
property no 246
Initial sparsity 67
Optimal Sparsity 1
zero indices tensor([31, 78, 22, 23, 64, 26, 62, 61, 29, 30,  1, 59, 34, 57, 56, 37, 53, 39,
        49, 47, 12, 95, 93, 96,  8, 90, 11, 88, 14, 86, 17, 18, 85])
Indices prune tensor([58, 68, 98, 92, 15, 70,  6, 91, 50, 55, 89, 19, 87, 46, 20, 32, 54,  7,
        27, 73, 44, 52, 66, 81, 69, 82, 43, 99, 13, 40, 10, 71, 33, 84,  9, 94,
        80, 36,  5, 35, 72, 21, 38, 48, 83,  4, 45, 75, 74, 67, 60, 24,  0, 51,
        16, 63, 41, 97, 28, 42,  3, 77, 76, 65,  2, 79])
Remaining indices tensor([25])
property no 296
Initial sparsity 60
Optimal Sparsity 1
zero indices tensor([68, 85, 82, 78, 29, 30, 31, 32, 34, 70, 37, 39, 26, 64, 62, 61, 58, 57,
        47, 56, 49, 54, 53, 22,  1, 96, 95, 93,  5,  8, 90, 11, 12, 14, 15, 17,
        18, 23, 86, 88])
Indices prune tensor([13, 69, 91, 75, 89, 73, 19, 80,  9, 44, 92, 50, 84, 20, 40, 55, 87, 43,
        59, 46, 98, 99, 36,  6, 27, 81, 45, 72,  7, 77, 60, 33, 10, 21, 74, 41,
        52, 51, 66, 94, 71, 38, 67, 42, 24, 97, 48,  3, 35, 16, 28,  4, 25, 63,
        79, 76,  0, 65, 83])
Remaining indices tensor([2])
property no 311
Initial sparsity 59
Optimal Sparsity 1
zero indices tensor([62, 31, 34, 36, 37, 38, 39, 47, 49, 50, 53, 54, 56, 57, 61,  1, 64, 68,
        70, 73, 78, 80, 85, 86, 88, 90, 93, 95, 96, 23, 15, 14, 22, 13, 12, 11,
         8, 26, 17, 19, 29])
Indices prune tensor([10, 82, 59, 20,  6, 18, 98, 43, 69, 46, 91, 32, 55,  5, 30, 40, 45, 92,
        83, 74,  7,  9, 89, 58, 44, 99, 84, 35, 87, 81, 67, 94, 52, 71, 33, 77,
        72, 27, 51, 66, 75, 21, 41, 60, 97, 48,  0, 28, 63,  4, 24, 42,  3, 16,
        76, 25,  2, 79])
Remaining indices tensor([65])
property no 327
Initial sparsity 71
Optimal Sparsity 1
zero indices tensor([49, 22, 23, 93, 26, 29, 34, 37, 88, 39, 47,  1, 85, 53, 54, 56, 57, 61,
        62, 64, 78, 70, 20, 18,  8, 17, 12, 14, 95])
Indices prune tensor([13, 73, 19, 91, 10, 36, 75, 40, 96, 69, 84, 15, 82, 11, 58,  5, 31, 90,
        77, 72, 46, 45, 80, 55, 89,  9, 67, 32, 44, 68,  7, 43, 98, 41, 52, 74,
        33, 81, 87, 51,  6, 86, 94, 92, 97, 30, 50, 99, 27, 21, 38, 79, 71, 60,
        25, 24,  3, 42, 83, 66, 28, 59, 48, 35, 16, 63, 76,  4,  0, 65])
Remaining indices tensor([2])
property no 390
Initial sparsity 67
Optimal Sparsity 1
zero indices tensor([86, 59, 95, 57, 26, 56, 53, 29, 30, 51, 22, 49, 34, 35, 37, 38, 39, 47,
        88, 43, 64,  0, 78,  5, 73, 68, 20, 62, 61, 85, 14, 17, 19])
Indices prune tensor([15, 23, 45, 98,  7, 67, 18, 91, 82, 77, 80, 55, 31, 70, 10, 44, 84, 94,
        92, 89,  6, 93, 87,  8, 69, 52, 12, 32, 13, 99, 81, 65, 41, 71, 96, 72,
         9,  3,  4, 66,  2, 54, 76, 58, 40, 33,  1, 60, 97, 42, 25, 79, 74, 46,
        48, 83, 36, 21, 75, 50, 63, 16, 24, 90, 27, 28])
Remaining indices tensor([11])
property no 407
Initial sparsity 65
Optimal Sparsity 1
zero indices tensor([32, 22, 23, 70, 26, 68, 64, 29, 62, 31, 78, 61, 34, 58, 57, 37, 53, 39,
        49, 47, 11,  1, 96, 95, 93, 90,  8, 88, 86, 84, 14, 15, 85, 17, 18])
Indices prune tensor([91, 13,  5, 19, 40, 12, 69, 50, 56, 45, 59, 89, 46, 30, 55, 80, 44,  9,
        98, 75, 82, 36, 73,  7, 10, 81, 54, 74, 87, 99,  6, 71, 43, 60, 72, 27,
        33, 77, 52, 92, 66, 41, 94, 63, 38,  4, 24, 42, 83, 67, 20, 48, 21, 51,
        28, 16,  3, 97, 76, 35,  0, 25,  2, 79])
Remaining indices tensor([65])
property no 440
Initial sparsity 56
Optimal Sparsity 1
zero indices tensor([70, 30, 31, 34, 37, 39, 47, 49, 53, 56, 57, 61, 62, 64, 68, 50, 73, 78,
        80, 82, 85, 86, 88, 90, 93, 95, 96, 98, 99,  5, 22, 19, 23, 18, 17,  8,
        15, 14, 13,  1, 26, 12, 11, 29])
Indices prune tensor([36, 84, 58, 69, 38, 20, 33, 44, 91, 55, 40, 59, 46, 10, 94, 45, 43, 89,
         9, 66, 32, 54,  7, 87, 92, 41, 72, 27, 81, 71, 75, 52, 74, 60, 77,  6,
        51, 21, 28, 48, 67,  4, 24, 83, 63,  0, 42, 35,  3, 97, 25, 16, 76, 65,
        79])
Remaining indices tensor([2])
