property no 0
Initial sparsity 67
Optimal Sparsity 56
zero indices tensor([55, 20, 80, 78, 25, 69, 67, 30, 66, 62, 73, 53, 37,  0, 39, 40, 49, 48,
        46, 93, 99,  2, 96,  5,  6, 94, 82, 92, 12, 83, 91, 86, 90])
Indices prune tensor([60, 84, 21, 79, 32, 71, 63, 87, 19, 15, 33])
Remaining indices tensor([95, 56, 35, 27, 75, 58, 36, 45, 41, 47,  7, 17,  4, 61,  1, 14, 76, 16,
         3, 42, 24, 52, 50, 77, 22, 98, 74, 28, 97, 59, 13, 11, 31, 51, 44,  8,
        88, 57, 72, 70, 64, 65, 23, 54,  9, 68, 38, 81, 85, 18, 26, 43, 89, 34,
        29, 10])
property no 1
Initial sparsity 68
Optimal Sparsity 68
zero indices tensor([46, 63, 59, 20, 21, 58, 54, 51, 25, 61, 43, 39, 38, 32, 36, 34, 35, 78,
         1, 91, 87, 80,  5,  6,  7, 75, 74, 11, 73, 71, 14, 69])
Indices prune tensor([], dtype=torch.int64)
Remaining indices tensor([66, 79, 13, 47, 97, 95, 49,  9, 86, 70, 62, 24, 22, 48, 64, 53, 60, 12,
        93, 90, 16, 96, 81,  3, 92, 55,  2, 50, 83, 37, 27, 52,  8, 29, 18, 99,
         0, 68, 26, 89, 40, 15,  4, 57, 98, 82, 33, 76, 41, 30, 10, 28, 45, 77,
        88, 19, 44, 56, 23, 42, 31, 72, 84, 67, 94, 65, 85, 17])
property no 2
Initial sparsity 71
Optimal Sparsity 39
zero indices tensor([19, 38, 35, 34, 63, 32, 39, 64, 61, 27, 43, 25, 23, 59, 68, 17, 49, 58,
        98, 93,  5,  6, 55, 53, 69, 77, 13, 50, 16])
Indices prune tensor([46, 95, 83, 31, 97, 52,  8,  7, 89, 86, 70,  3, 82, 14, 28, 90, 56, 57,
        88, 40,  0, 11, 62,  4, 48, 80, 84,  9, 36, 91, 73, 42])
Remaining indices tensor([33, 47, 87, 24, 67, 37, 10, 20, 72, 85, 99, 29, 79,  1, 60, 41, 66,  2,
        81, 30, 75, 12, 76, 26, 65, 22, 18, 54, 78, 44, 96, 51, 45, 74, 71, 92,
        94, 21, 15])
property no 5
Initial sparsity 74
Optimal Sparsity 27
zero indices tensor([40, 63, 27, 59, 30, 33, 34, 37, 54, 69, 73, 53, 16, 76, 13, 42, 44, 85,
        87,  8,  6,  5, 91, 46, 47, 99])
Indices prune tensor([ 4, 65, 82, 57, 36, 21, 95, 72, 98, 80, 52, 90, 29,  2, 10, 74, 50, 20,
        81, 49,  7, 28, 94, 77, 83, 92, 71, 11, 14,  9, 41, 70, 55, 12, 24, 89,
        17, 25, 39, 75, 78, 19, 23, 86, 43, 62, 97])
Remaining indices tensor([38,  0, 45, 56,  3, 61, 22, 66, 15, 96, 48, 68, 93, 35, 84, 79, 31, 58,
        64, 88, 60, 18, 32, 51, 26, 67,  1])
property no 13
Initial sparsity 63
Optimal Sparsity 49
zero indices tensor([75, 25, 27, 31, 38, 46, 50, 63, 66, 67, 69, 73, 74,  1, 78, 79, 82, 84,
        86, 88, 89, 90, 91, 93, 98, 13,  0,  7,  6,  5, 10,  4,  8,  3, 20,  2,
        21])
Indices prune tensor([95, 35, 76, 48, 53, 56, 57, 85, 32, 26, 54, 15, 45, 18])
Remaining indices tensor([60, 55, 97, 51, 72, 14, 40, 65, 58, 29, 43, 34, 36, 81, 24, 30, 68, 47,
        16, 94, 11, 12, 22, 77, 23, 19, 87, 39, 44, 28,  9, 52, 42, 37, 59, 61,
        41, 71, 33, 80, 70, 83, 49, 92, 96, 62, 64, 17, 99])
property no 15
Initial sparsity 74
Optimal Sparsity 62
zero indices tensor([67, 34, 38, 30, 40, 43, 49, 53, 58, 22, 64, 66, 69, 71, 82, 99,  2,  3,
        93,  5,  6,  7, 87, 84, 83, 72])
Indices prune tensor([95, 28, 45, 78, 31, 39, 46, 62, 10, 65, 94, 70])
Remaining indices tensor([16, 17, 32, 47, 27, 54, 88, 50,  0, 56, 33, 41, 14, 60,  9, 15, 35, 37,
        12, 79, 75, 57, 81, 52, 48, 77,  1, 42, 63,  8, 96, 36, 21, 59, 55, 73,
        24, 97, 51, 89, 76,  4, 86, 90, 29, 85, 61, 19, 44, 26, 98, 20, 80, 25,
        92, 91, 18, 74, 68, 13, 23, 11])
property no 20
Initial sparsity 68
Optimal Sparsity 52
zero indices tensor([67, 21, 78, 25, 74, 29, 30, 32, 73, 69, 37, 27, 62, 60, 45, 47,  0, 57,
        55, 53, 54,  9, 88,  4,  5, 81, 20, 84, 16, 82, 93,  6])
Indices prune tensor([83, 52, 49, 48, 61, 87, 95, 14, 58,  8, 96, 72, 71, 77, 98, 46])
Remaining indices tensor([85, 63, 56, 44, 38, 10, 19, 86, 92,  1, 12, 76, 40, 94, 41, 50, 11, 23,
        51, 24, 42, 90, 80, 35, 15, 13, 66,  7, 39, 89, 97, 70, 43, 33, 34, 22,
        31, 28, 75, 36, 17, 59,  2, 65, 26, 99, 18, 91, 79, 68, 64,  3])
property no 23
Initial sparsity 76
Optimal Sparsity 11
zero indices tensor([24, 48, 49, 46, 42, 53, 38, 36, 35, 55, 33, 27, 69, 20, 70, 72,  9, 79,
        86, 13, 93, 82,  5,  6])
Indices prune tensor([99, 81, 98,  8, 40, 54, 17, 76, 52, 31, 90, 73, 29, 16, 71, 11, 18, 30,
        95, 75,  1, 68, 32, 28, 57, 22, 58,  7, 88, 67, 96, 47, 91, 66, 60, 59,
        25, 51, 74,  3, 45, 85, 15, 97, 78,  2, 62, 39, 83, 65, 26, 56, 94, 41,
        10, 12, 64,  0, 87, 21, 84, 43, 34,  4, 23])
Remaining indices tensor([89, 77, 61, 44, 19, 50, 92, 14, 80, 37, 63])
property no 28
Initial sparsity 66
Optimal Sparsity 50
zero indices tensor([69, 83, 28, 31, 32, 75, 74, 72, 36, 37, 70,  1, 40, 42, 66, 47, 63, 62,
        53, 57, 58,  5,  7,  8, 97, 11,  6, 93, 91,  4,  3, 20,  2, 21])
Indices prune tensor([51, 52, 35, 59, 48, 61, 78, 26, 71, 80, 12, 73, 87, 95, 82, 14])
Remaining indices tensor([44, 77, 76, 94, 17, 50, 16, 84, 92, 96, 27, 98, 24, 88, 15, 34, 39, 13,
        43, 64, 99,  9, 41, 89, 79, 30, 55, 29, 19, 68, 33, 49, 45, 22, 90, 38,
        81, 23, 10, 65, 56, 54,  0, 85, 18, 46, 86, 67, 25, 60])
property no 29
Initial sparsity 74
Optimal Sparsity 2
zero indices tensor([99, 37, 62, 63, 33, 64, 69, 43, 54, 78, 79, 45, 83, 85, 13,  2,  3, 95,
         5,  6, 49, 48, 53, 90, 12, 86])
Indices prune tensor([17, 87,  0, 42, 76, 97, 24, 21, 82, 22, 46, 44, 14, 88, 36, 52, 39, 89,
        18,  7, 35, 91, 29, 81, 51, 28, 60, 38, 15, 75, 80, 47, 68, 26, 72, 11,
        20, 58, 94, 74, 10, 50, 30, 92, 25, 27, 70, 65, 98, 84, 57, 56, 34,  9,
        61, 31, 40, 67, 19, 16, 55, 96,  4, 23, 93, 73,  1,  8, 59, 66, 71, 41])
Remaining indices tensor([77, 32])
property no 34
Initial sparsity 68
Optimal Sparsity 33
zero indices tensor([69, 21, 83, 27, 28, 29, 30, 31, 75, 35,  1, 40, 64, 63, 61, 60, 47, 58,
        55, 53, 19, 93,  5,  6,  7,  9, 10, 20, 11, 91, 13, 14])
Indices prune tensor([ 3,  4, 33, 92, 49, 26, 73, 84, 52, 39, 59, 76, 65, 51, 94, 79,  0, 16,
        81, 36, 50, 77, 56, 38, 70, 87, 96, 25, 57, 15, 18, 67,  2, 43, 74])
Remaining indices tensor([78, 66, 71, 41, 32, 62, 95, 68, 54,  8, 34, 45, 88, 82, 17, 46, 89, 48,
        44, 97, 42, 90, 12, 80, 86, 99, 24, 22, 85, 72, 23, 98, 37])
property no 38
Initial sparsity 71
Optimal Sparsity 49
zero indices tensor([32, 53, 19, 21, 49, 47, 84, 29, 46, 20, 81, 69, 35, 36, 37, 82, 39, 55,
         5,  6,  7, 58, 60,  9, 57, 93, 91, 54, 90])
Indices prune tensor([27,  4, 33, 76, 87,  1, 89, 92, 59, 14, 74,  3, 30, 56, 12, 99, 85, 48,
        62, 31, 79, 38])
Remaining indices tensor([50, 86, 72,  0, 43, 65, 13, 45, 42, 96, 25, 17, 52, 18, 71, 63, 88,  2,
        61, 23, 44, 10, 40, 34, 41,  8, 83, 66, 11, 28, 75, 97, 70, 95, 80, 26,
        16, 51, 15, 24, 78, 73, 77, 67, 98, 22, 68, 94, 64])
property no 41
Initial sparsity 65
Optimal Sparsity 62
zero indices tensor([27, 56, 55, 53, 90, 23, 49, 25, 48, 57, 44, 41, 40, 91, 94, 33, 37, 93,
        75, 85, 83, 81, 78,  5,  6,  7, 76, 10, 86, 73, 13, 69, 68, 62, 95])
Indices prune tensor([50, 98, 71])
Remaining indices tensor([65, 64,  8, 61, 72, 12,  9, 46, 77, 97, 51, 32, 70, 15, 42, 45, 38, 82,
        43, 22, 63, 17, 11, 34, 79, 39, 47, 29,  3, 24, 84, 96, 59, 54, 31, 26,
         2, 14, 20, 16, 80,  4, 87, 66, 36, 35, 92, 30, 21, 58,  0, 67,  1, 89,
        60, 19, 74, 88, 99, 18, 28, 52])
property no 42
Initial sparsity 54
Optimal Sparsity 27
zero indices tensor([56, 30, 31, 85, 82, 39, 40, 45, 46, 50, 51, 79, 54, 55,  0, 57, 58, 78,
        60, 62, 63, 64, 77, 67, 68, 69, 70, 73, 86, 14, 13, 93, 97, 20, 21, 10,
        22,  8,  6, 27, 26,  5,  4, 89,  7,  2])
Indices prune tensor([36, 42, 47, 48,  9, 29, 84, 33, 43, 90, 38, 53, 65, 83, 52, 17, 72, 19,
        74, 15, 41,  3, 88, 71, 24,  1, 61])
Remaining indices tensor([25, 98, 91, 32, 34, 28, 80, 18, 23, 66, 37, 35, 12, 92, 87, 44, 99, 81,
        59, 49, 11, 96, 75, 94, 95, 76, 16])
property no 45
Initial sparsity 75
Optimal Sparsity 35
zero indices tensor([59, 63, 67, 39, 38, 69, 35, 71, 32, 29, 73, 27, 25, 74, 53, 21, 16,  5,
         6, 87, 82, 56, 13, 98, 78])
Indices prune tensor([91, 47, 70, 90, 36,  3, 54, 49, 75, 76, 17, 99,  7, 46,  0, 45, 79, 61,
        93, 96, 14, 30, 48, 94, 92, 44, 12,  9,  2, 37,  4, 22, 86, 28, 89, 60,
        88, 24, 11, 19])
Remaining indices tensor([81, 23, 31, 52, 34, 33, 95, 68, 26, 10, 97, 62, 50, 83, 15,  8, 77, 41,
        57, 84, 40, 43, 80, 65, 66, 72, 55, 51, 85, 64, 18, 20, 58,  1, 42])
property no 50
Initial sparsity 58
Optimal Sparsity 43
zero indices tensor([79, 93, 28, 31, 32, 91, 35, 36, 37, 39, 40, 41, 82, 81, 98, 47, 51, 54,
        56, 57, 58, 60, 61, 63, 69, 67, 68, 21, 96,  5,  6,  4, 13,  7,  8, 20,
        11, 22,  9,  2, 10, 26])
Indices prune tensor([64, 50, 16, 84, 55, 45, 97, 59, 87, 74, 88, 52, 17,  3, 72])
Remaining indices tensor([15,  1, 30, 24, 33, 62, 80, 89, 90, 23, 42, 43, 14, 78, 65, 75, 73, 95,
        66, 71, 25, 19, 99, 94, 38, 18,  0, 85, 92, 76, 48, 70, 12, 46, 86, 53,
        27, 77, 49, 83, 44, 34, 29])
property no 54
Initial sparsity 67
Optimal Sparsity 36
zero indices tensor([66, 75, 23, 25, 27, 32, 34, 35, 69, 38, 39, 98, 43, 45, 63, 49, 51, 61,
        53, 59, 58, 78, 91, 77, 87,  8, 13, 14,  6,  5, 17, 93, 19])
Indices prune tensor([41, 81, 11, 80, 84, 60, 50, 48, 76, 37, 22, 30, 40, 73, 20, 36, 64, 42,
        95, 29, 56,  3, 47, 71, 92, 18, 74, 24, 31, 86, 55])
Remaining indices tensor([89, 96, 67, 57, 94, 46,  0, 44, 21, 85, 15, 62, 99,  2, 54, 97, 12, 26,
         1, 10, 33, 79, 70, 28, 72, 68, 83, 82, 52,  7, 16, 90, 88,  4, 65,  9])
property no 55
Initial sparsity 72
Optimal Sparsity 32
zero indices tensor([75, 55, 58, 59, 54, 25, 61, 32, 22, 63, 64, 69, 71, 34, 14, 13, 37, 78,
        38, 83,  8,  7,  6,  5, 87,  3, 91, 39])
Indices prune tensor([70, 51, 12, 73,  4, 74, 60, 62, 68, 99, 30, 81, 26, 46, 84, 72, 96, 82,
        88, 19, 50, 17, 11, 85, 67,  0, 41, 92, 90, 52, 65, 43, 49, 20, 77,  2,
        28, 36, 27, 76])
Remaining indices tensor([66, 98, 47, 33, 44, 53, 15, 57, 42, 40,  9, 35, 97, 95, 29, 24, 31, 94,
        10, 80,  1, 45, 89, 23, 18, 48, 93, 16, 56, 86, 79, 21])
property no 56
Initial sparsity 55
Optimal Sparsity 47
zero indices tensor([55, 30, 31, 32, 35, 37, 38, 41, 42, 89, 44, 46, 48, 50, 54, 40, 56, 57,
        86, 85, 84, 62, 82, 66, 67, 69, 73, 78, 79,  0, 97, 10,  8, 93,  7, 18,
         6, 20, 21, 22,  4, 94, 27, 25,  5])
Indices prune tensor([76, 12, 65, 95, 99, 53,  1, 80])
Remaining indices tensor([60,  2, 16, 88, 29, 59, 49, 83, 81, 77, 72, 47, 96, 28, 24, 34, 58, 70,
        26, 11, 71, 52, 45, 61, 17,  9, 87, 14, 36, 43, 90, 33, 92, 74, 98, 13,
        51,  3, 91, 68, 64, 63, 23, 75, 39, 19, 15])
property no 60
Initial sparsity 74
Optimal Sparsity 18
zero indices tensor([37, 20, 84, 24, 83, 79, 32, 33, 36,  0, 73, 71, 69, 43, 45, 66, 53, 60,
         3, 16, 15,  5,  6, 94, 18, 12])
Indices prune tensor([48, 93, 87, 46, 96,  1, 78, 27, 39, 58, 90, 72,  4, 82, 44, 21, 70, 38,
        97, 54, 59,  8, 99, 61, 57, 50, 30, 68, 26, 13, 86, 91, 92, 80, 17, 85,
        62, 35, 55, 64, 88,  9, 67, 41, 10, 11, 77, 74, 75, 89, 19, 40, 22, 52,
        95,  7])
Remaining indices tensor([63, 23, 34, 47, 49, 29, 56, 81, 14, 76,  2, 51, 65, 42, 28, 25, 98, 31])
property no 62
Initial sparsity 64
Optimal Sparsity 37
zero indices tensor([74, 86, 25, 27, 30, 33, 37, 38, 78, 43, 75, 83, 48, 73, 50, 53, 69, 56,
        68, 67, 63,  0, 12, 13, 92, 94,  9, 95,  6,  5, 91,  4, 89,  3, 88, 98])
Indices prune tensor([62, 59, 51,  8, 71, 76, 17, 57, 29, 47, 35, 87, 82, 15, 54, 21, 45, 85,
        81, 42, 31, 65, 36, 72, 93, 60, 61])
Remaining indices tensor([97, 99, 46, 20,  7, 52, 77, 32, 41, 80, 18, 84, 22, 55, 58, 14, 96, 23,
        66, 44, 28, 90, 64, 10, 70,  1, 39, 79, 24, 16, 40, 34, 11, 26, 49,  2,
        19])
property no 65
Initial sparsity 73
Optimal Sparsity 36
zero indices tensor([30, 74, 73, 69, 68, 67, 66, 64, 59, 99, 57, 55, 33, 53, 48, 43, 40,  2,
        82, 95, 86,  4,  5,  6, 94, 76, 93])
Indices prune tensor([44, 11, 78, 35, 81, 97, 54, 16, 61, 24, 18,  9, 84, 22, 71, 38, 34, 92,
        91,  3, 25, 28, 51, 50, 80, 58, 89, 20, 45, 13,  7, 27, 90, 77, 17,  8,
        63])
Remaining indices tensor([23, 87, 36,  0, 62, 32, 41, 60, 65, 47, 75, 15, 42, 79, 96,  1, 49, 85,
        31, 10, 26, 39, 72, 14, 29, 70, 46, 52, 12, 83, 98, 37, 88, 56, 21, 19])
property no 72
Initial sparsity 74
Optimal Sparsity 57
zero indices tensor([14, 29, 32, 34, 35, 37, 39, 54, 58, 59, 60, 63, 64, 16, 65, 69, 71, 75,
        76,  8,  7,  6,  5, 87, 98, 99])
Indices prune tensor([94, 72, 33, 89, 67, 73, 43, 80, 68, 12, 30, 93, 83, 79, 96, 31, 36])
Remaining indices tensor([28, 66, 90, 51, 21, 62,  0, 52, 25, 97, 27, 26, 86, 10, 17, 40, 92, 70,
        50, 49, 82, 41, 47, 56, 24, 13, 11, 45,  4, 46, 85, 74, 77, 95, 48, 38,
        42, 18, 78, 88, 22, 20, 15, 81, 84, 57,  3, 91,  9, 61, 23,  2, 44, 53,
         1, 19, 55])
property no 73
Initial sparsity 77
Optimal Sparsity 56
zero indices tensor([13, 25, 28, 34, 35, 38, 40, 43, 56, 58, 14, 61, 11, 10, 69, 71,  7,  6,
         5, 75, 80, 90, 99])
Indices prune tensor([ 4, 63, 29, 39, 21,  3, 73, 79, 66, 54, 20, 42,  9, 92, 27, 94, 91, 59,
        55, 74, 62])
Remaining indices tensor([12, 26, 22, 57, 88, 72, 97, 48, 89,  0, 82, 23, 67, 86, 70, 84, 60, 17,
        16, 52, 33, 83, 45, 37,  2, 53, 76, 81, 85, 15, 41, 78, 50,  8, 64, 93,
        68, 95, 49, 18, 19, 77, 87, 30, 36, 98, 96, 47, 24, 31, 46, 32, 65, 51,
        44,  1])
property no 79
Initial sparsity 58
Optimal Sparsity 43
zero indices tensor([65, 32, 35, 36, 37, 39, 42, 47, 50, 51, 54, 55, 58, 60, 64,  1, 69, 71,
        74, 75, 76, 77, 81, 82, 87, 88, 90, 91, 97, 98, 25, 22, 21, 16, 15, 13,
        26, 11,  7,  6,  5, 29])
Indices prune tensor([34, 62, 38, 70, 27, 83,  3, 80, 57, 95, 78, 96, 40, 20,  2])
Remaining indices tensor([45, 63, 24, 79, 85, 49, 72,  0, 94, 53, 10, 17, 44, 68,  8, 67, 48, 33,
        86, 43, 46, 99, 31,  9, 92, 14, 93, 30,  4, 18, 28, 52, 89, 23, 66, 19,
        12, 59, 84, 41, 56, 61, 73])
property no 82
Initial sparsity 63
Optimal Sparsity 59
zero indices tensor([32, 21, 23, 75, 25, 74, 27, 28, 73, 69,  1, 34, 64, 59, 37, 38, 49, 46,
        44, 43,  3,  5,  6,  7,  8, 90, 91, 86, 85, 13, 83, 81, 16, 17, 80, 98,
        78])
Indices prune tensor([48, 20, 18, 97])
Remaining indices tensor([15, 51,  2, 94, 11, 12, 79, 71, 33, 70, 63, 99, 68, 89, 95, 82, 61, 35,
        47, 66, 60, 67, 10, 24, 77, 56, 22, 14, 57, 31, 55, 58, 29, 19, 53,  9,
        39, 62, 84, 26, 87,  0, 65, 50, 96, 41,  4, 72, 30, 54, 45, 40, 76, 42,
        52, 92, 88, 93, 36])
property no 83
Initial sparsity 63
Optimal Sparsity 56
zero indices tensor([65, 32, 35, 37, 39, 40, 47, 51, 53, 56, 60, 63, 64, 50, 69, 71, 72, 76,
        83, 92, 93, 94, 96, 97, 99, 13, 11, 20,  8, 22,  7, 14, 17,  6,  5,  2,
        18])
Indices prune tensor([88, 15, 43, 33, 29, 24, 34])
Remaining indices tensor([21, 25, 36, 70,  9, 28, 42, 67, 84, 87, 79, 10, 12, 95, 78, 38, 16, 55,
        52, 80,  1, 85, 19, 57,  4, 89, 26, 49, 91, 48, 77, 90, 82, 73, 59, 41,
        61, 31, 62, 68, 30, 81, 98, 58, 74, 44, 66, 45, 46, 27, 23, 75,  0,  3,
        54, 86])
property no 88
Initial sparsity 63
Optimal Sparsity 24
zero indices tensor([29, 20, 82, 22, 80, 63, 46, 45, 79, 65, 83, 43, 69, 32, 76, 71, 40, 74,
        73, 39, 10, 55, 96, 93,  4,  5,  6,  7, 58, 60, 11, 88, 13, 87, 51, 84,
        61])
Indices prune tensor([31, 23, 77, 49,  8, 21,  3,  2, 56, 86, 28, 44, 35, 75, 30, 12, 98, 67,
        37, 17, 26,  0, 41, 54, 59, 15, 78, 36, 53, 47, 81, 25, 85, 70, 95, 18,
        91, 97, 72])
Remaining indices tensor([89, 99, 94, 16, 50, 42, 52, 19, 68, 24, 57, 14, 66, 27, 34, 64, 90, 62,
        92, 33,  9, 48,  1, 38])
property no 90
Initial sparsity 68
Optimal Sparsity 61
zero indices tensor([59, 25, 27, 28, 32, 34, 35, 38, 40, 51, 54, 56, 58,  1, 61, 63, 69, 70,
        71, 75, 78, 87, 91, 98, 99,  7, 13, 14,  6,  5,  3, 17])
Indices prune tensor([24, 64,  9, 30, 55, 80, 88])
Remaining indices tensor([93, 42, 41, 31,  2, 65, 74, 92, 48, 16, 49, 11, 90, 82, 20, 72, 26, 10,
        89, 12, 29, 53, 15, 18, 86, 62, 73, 85, 60, 95, 67, 76, 19, 96, 94, 79,
        81, 47, 77,  4, 37,  8, 45, 66, 21, 57, 33, 44, 84,  0, 46, 36, 50, 23,
        68, 52, 43, 83, 97, 39, 22])
property no 92
Initial sparsity 58
Optimal Sparsity 23
zero indices tensor([55, 69, 65, 25, 63, 61, 60, 59, 58, 56, 32, 22, 34, 35, 54, 37, 38, 39,
        40, 52, 51, 46, 11, 99, 98, 96, 93,  5,  6,  7, 90, 87, 10, 13, 14, 77,
        75, 17, 74, 71, 20, 70])
Indices prune tensor([42, 33, 86,  8, 44, 88, 78, 79, 23, 89, 26, 67, 29, 31, 80, 21, 83,  2,
        95, 66, 82, 57, 84, 27, 94, 97, 64, 28, 73, 47, 62, 48,  9, 76,  0])
Remaining indices tensor([12, 41, 68,  1, 36, 49, 92, 24, 45, 16, 18, 30,  3, 43, 50, 81, 15, 91,
        85,  4, 72, 19, 53])
property no 93
Initial sparsity 61
Optimal Sparsity 13
zero indices tensor([58, 23, 93, 84, 26, 64, 32, 35, 36, 37, 60, 27, 57, 43, 44, 45, 88, 47,
        55, 52, 53, 54, 73,  1,  2,  3, 78,  5,  6, 81,  8,  9, 83, 11, 72, 21,
        69, 20, 18])
Indices prune tensor([22, 19, 94, 10, 30,  7, 31, 74, 34, 50, 17, 25, 65, 12, 76, 38, 80, 41,
        14, 99, 56, 51, 68, 48, 89, 62, 49, 92, 40, 15, 71,  0, 61, 28, 39,  4,
        91, 82, 16, 87, 63, 98, 96, 67, 66, 86, 90, 79])
Remaining indices tensor([33, 77, 46, 97, 70, 29, 75, 95, 13, 85, 24, 59, 42])
property no 96
Initial sparsity 82
Optimal Sparsity 30
zero indices tensor([86, 69, 67, 27, 53, 49, 13, 12, 33, 46, 44, 37,  6,  5, 94,  3, 95, 99])
Indices prune tensor([32, 93, 25, 51, 85, 62,  7, 23, 36, 75, 66, 96, 79, 15, 31, 64, 41, 70,
        76, 74, 73, 18, 11,  4, 29, 89, 43, 87, 16, 14, 97, 54, 30, 65, 98, 45,
        19, 90, 88, 52,  2, 21, 55, 71, 20, 56, 83, 42, 61, 92, 78, 59])
Remaining indices tensor([38, 39, 91, 48, 35, 63, 47, 80, 84, 60, 24, 72, 40, 58,  0, 34, 81, 50,
        10, 28,  8, 68, 77, 57, 22, 17,  9, 82,  1, 26])
property no 98
Initial sparsity 56
Optimal Sparsity 34
zero indices tensor([71, 32, 35, 37, 39, 41, 45, 47, 53, 56, 60, 63, 65, 67, 68, 69,  1, 72,
        73, 77, 79, 82, 84, 90, 92, 93, 94, 95, 96, 97, 99, 26, 20, 18, 24, 14,
        12, 11, 27,  8, 29,  6,  5, 30])
Indices prune tensor([28, 13, 36, 75,  2, 17, 55, 80, 86, 49, 83, 50, 23, 43, 59, 48, 54, 19,
        40,  9, 15,  0])
Remaining indices tensor([31, 61, 87, 89, 42, 58, 76, 52, 64, 25, 57, 62, 85, 10, 38, 34, 78, 51,
        66, 74, 91, 46, 98, 44, 16, 22, 21, 81,  3,  4,  7, 88, 33, 70])
property no 99
Initial sparsity 59
Optimal Sparsity 28
zero indices tensor([65, 32, 35, 37, 39, 42, 47, 51, 52, 54, 55, 58, 60, 61, 62, 63,  1, 69,
        71, 74, 76, 77, 79, 81, 82, 83, 84, 88, 93, 96, 99,  5, 22, 15, 13, 11,
        26,  9,  7,  6, 29])
Indices prune tensor([14, 78, 21, 24, 20,  2, 10, 64, 70,  4, 25, 38, 97, 30, 56, 41, 75, 17,
        28, 86, 27, 50, 48, 45, 33, 89, 72, 92,  0,  3, 31])
Remaining indices tensor([18, 57, 73, 12, 87, 90, 53, 19, 94, 91, 67, 23, 66, 80, 95, 16, 85, 43,
        49, 68, 40, 34,  8, 59, 36, 98, 46, 44])
property no 102
Initial sparsity 64
Optimal Sparsity 38
zero indices tensor([57, 27, 31, 90, 33, 34, 41, 43, 86, 48, 85, 53, 56, 88, 82, 59, 79, 61,
        63, 66, 68, 69, 75, 73, 74, 25,  9, 13,  6,  5,  4, 21, 12, 10, 98, 93])
Indices prune tensor([44, 47, 78, 55, 35,  8, 19, 83,  0, 71,  7, 39, 81, 42, 36, 22, 96, 17,
        24, 20, 38,  3, 64, 49,  2, 16])
Remaining indices tensor([60, 95, 58, 28, 37, 89, 51, 65, 99, 54, 30, 11, 15, 32, 62, 91, 92, 70,
        40, 80, 26, 97, 87, 94, 67, 46, 45, 76, 18, 50,  1, 14, 77, 23, 84, 72,
        52, 29])
property no 103
Initial sparsity 63
Optimal Sparsity 43
zero indices tensor([42, 22, 77, 69, 31, 33, 68, 67, 37, 65, 40, 91, 64, 63, 47, 93, 60, 53,
        57, 55, 56, 20, 83,  8, 11, 21, 81,  7,  6, 79, 97, 18,  5, 84,  3, 96,
         2])
Indices prune tensor([23, 85, 58, 95, 89, 87, 54, 41, 49, 38, 94, 98, 27, 16, 13, 26, 24, 35,
        14, 39])
Remaining indices tensor([48, 82, 99,  1, 15, 25, 10, 61, 45,  0,  4, 50, 28, 30, 62, 73, 46, 80,
        34, 32, 59, 29, 70, 52, 72, 19, 71, 66, 88, 75, 43, 78, 44, 17, 12, 36,
        86, 90, 51, 74, 92,  9, 76])
property no 104
Initial sparsity 71
Optimal Sparsity 24
zero indices tensor([66, 41, 38, 37, 50, 32, 59, 29, 60, 27, 24, 64, 19, 69, 16, 87, 98, 93,
         3,  4,  5,  6, 91, 70, 82, 78, 75, 74, 13])
Indices prune tensor([44,  7, 39, 63, 10, 92, 97, 51, 43, 62, 85, 34, 26, 72, 56, 88, 33, 30,
        68, 83, 80,  0, 21, 84, 79, 40, 11, 42, 55, 14, 28, 94, 89, 71, 46, 12,
        77, 18, 58, 90, 48, 49,  2, 96, 99,  8, 61])
Remaining indices tensor([65, 47,  1, 53, 17, 57, 31, 81, 22, 54, 95, 52,  9, 76, 25, 45, 23, 86,
        20, 35, 67, 73, 36, 15])
property no 105
Initial sparsity 52
Optimal Sparsity 38
zero indices tensor([50, 63, 61, 60, 59, 58, 55, 54, 51, 64, 47, 46, 43, 42, 41, 40, 39, 37,
        78, 98, 93, 92, 91, 90, 88, 84, 82,  1, 76, 75, 74, 73, 70, 69, 65,  8,
        25, 35,  7, 32, 26, 11, 14, 20,  6,  5, 16, 18])
Indices prune tensor([31, 17,  4, 21, 96, 57, 67, 45, 44, 30, 36, 79, 66, 53])
Remaining indices tensor([ 2, 68, 33, 22, 48, 28, 13, 62, 83,  9, 56, 80, 52, 49, 23, 34, 38, 10,
        95, 87,  0,  3, 97, 24, 81, 12, 89, 27, 99, 71, 15, 85, 86, 77, 19, 94,
        29, 72])
property no 107
Initial sparsity 73
Optimal Sparsity 44
zero indices tensor([79, 21, 90, 25, 27, 86, 33, 83, 82, 81, 43, 99, 48, 52, 53, 54, 75, 68,
        69, 73, 74, 13, 12, 10,  5,  8,  6])
Indices prune tensor([77, 55, 37, 40, 93, 72, 65, 94, 88, 16, 31, 41, 32, 42, 91, 66, 46,  4,
        24, 78, 87, 60,  0, 84, 57, 29, 15,  1, 47])
Remaining indices tensor([ 2, 92, 36, 30, 98, 71, 61, 35, 14, 51, 64, 26, 96, 38, 49, 80, 19, 63,
        45, 97, 17, 76, 23, 70, 89, 39, 95,  3, 34, 50, 59, 58, 44, 20, 56, 28,
        62, 18, 22,  7, 67, 11,  9, 85])
property no 109
Initial sparsity 53
Optimal Sparsity 49
zero indices tensor([40, 27, 85, 30, 31, 83, 82, 34, 35, 36, 37, 38, 78, 86, 41, 75, 43, 73,
        69, 46, 68, 48, 66, 63, 59, 57, 25,  0,  4,  5,  6, 97,  8, 10, 94, 13,
        93, 92, 90, 87, 24, 91, 22, 21, 20, 19, 18])
Indices prune tensor([56, 55, 77, 64])
Remaining indices tensor([88, 81, 53, 50, 62,  2, 28, 44, 95,  3, 17, 99, 16, 74, 71, 89, 65,  9,
        51, 26, 80, 12, 11, 42, 79, 49, 23, 32, 60, 76, 72, 45, 14, 58, 29,  1,
        84, 70, 61, 67, 98, 39, 15, 96,  7, 47, 33, 54, 52])
property no 111
Initial sparsity 55
Optimal Sparsity 34
zero indices tensor([65, 30, 32, 36, 39, 40, 41, 44, 45, 47, 49, 50, 59, 63, 64,  1, 68, 69,
        70, 73, 74, 78, 80, 83, 84, 86, 91, 93, 97, 20, 14,  6,  5, 17,  8,  4,
        18, 19, 12, 21, 11,  0, 27, 23, 26])
Indices prune tensor([82, 10, 81, 66, 29, 38, 46, 13, 60, 98, 77, 31, 48, 85, 56, 28, 35, 25,
        61, 92, 71])
Remaining indices tensor([22, 16,  7, 99, 95, 72, 62, 15, 42, 67, 37, 55, 52, 75, 57, 24, 87, 90,
        88, 33, 53, 94,  9, 89, 43, 96, 54,  2, 58, 76,  3, 51, 79, 34])
property no 116
Initial sparsity 61
Optimal Sparsity 18
zero indices tensor([56, 28, 29, 30, 32, 35, 36, 37, 38, 39, 41, 44,  0, 54, 50, 58, 60, 62,
        69, 74, 78, 80, 91, 95, 97, 98, 99, 20,  6, 14, 18,  5, 21, 22, 11, 23,
         2, 25,  1])
Indices prune tensor([45, 40, 12, 27, 82, 13, 46, 55, 88, 15, 96, 77, 81, 87, 86, 76, 19, 43,
        64, 16, 72,  4, 48, 63, 79, 24, 75, 52, 33, 89, 66, 59, 53, 51, 94, 90,
         9, 93, 83, 26, 68, 67, 10])
Remaining indices tensor([ 3, 85, 70,  8, 49,  7, 61, 17, 34, 65, 42, 31, 84, 47, 73, 57, 92, 71])
property no 120
Initial sparsity 71
Optimal Sparsity 63
zero indices tensor([16, 32, 56, 58, 34, 63, 27, 64, 25, 55, 69, 37, 71, 73, 75,  9, 46,  0,
        88,  5,  6,  7, 87, 76, 39, 38, 78, 13, 77])
Indices prune tensor([ 8, 22, 85, 26, 30,  1, 17, 99])
Remaining indices tensor([66, 42, 70, 51, 54, 86, 61,  2, 80, 28, 10, 83, 53,  3, 74, 62, 98, 59,
        57, 93, 40, 23, 20, 91, 21, 97, 11, 43, 96, 41, 15, 92, 95, 65, 24, 33,
        52, 49, 90, 94, 18, 89, 12, 81, 14, 48, 31, 19, 84, 72, 50, 44, 67, 68,
        47,  4, 29, 45, 82, 35, 79, 36, 60])
property no 124
Initial sparsity 64
Optimal Sparsity 31
zero indices tensor([58, 29, 30, 32, 35, 36, 43, 47, 50, 51, 53, 54, 55, 57,  1, 59, 60, 69,
        71, 72, 74, 75, 77, 78, 81, 88, 91, 14,  6, 11, 20, 23,  7, 24, 18,  5])
Indices prune tensor([42, 37, 98, 17, 48, 40, 45, 39, 22, 62, 63, 70, 26, 19,  3,  0, 84, 96,
        94, 79, 95, 34, 65,  9, 52, 25, 92, 64,  8, 93, 41, 86, 12])
Remaining indices tensor([56, 82, 76,  2, 31, 27, 83, 73, 85, 33, 49, 67, 15, 61, 13, 38, 66, 10,
        28, 97, 87, 44, 99, 90, 80, 46, 68, 16, 89, 21,  4])
property no 131
Initial sparsity 63
Optimal Sparsity 29
zero indices tensor([38, 22, 64, 83, 65, 28, 53, 74, 32, 66, 34, 55, 40, 72, 42, 43, 71, 69,
        47,  0, 51, 20, 60,  2, 98,  5,  6,  7, 61, 95, 11, 93, 14, 63, 19, 58,
        88])
Indices prune tensor([77,  4,  1, 54, 26, 35, 36, 31, 67,  9, 12, 24, 27, 91, 87, 62, 18, 48,
        73,  8, 44, 45, 13, 97, 37, 68, 17, 75, 78, 52, 81, 56, 39, 59])
Remaining indices tensor([41, 15,  3, 33, 76, 89, 99, 10, 84, 82, 90, 30, 79, 16, 86, 57, 21, 50,
        92, 80, 29, 70, 96, 94, 25, 46, 23, 49, 85])
property no 133
Initial sparsity 62
Optimal Sparsity 38
zero indices tensor([47, 66, 65, 64, 60, 57, 53, 27, 49, 29, 20, 32, 33, 46, 35, 37, 45, 43,
        42, 79,  1, 97, 95,  4,  5,  6, 83, 82, 69, 77, 11, 12, 76, 74, 15, 16,
        71, 70])
Indices prune tensor([98, 94, 48, 39, 25, 99, 41, 68, 18, 88,  3, 23, 78, 63, 24, 26, 89, 91,
        54, 21, 87, 73,  0,  8])
Remaining indices tensor([17, 30, 90, 55, 93, 56, 80, 85, 75, 50, 81,  9, 51, 58, 38, 10,  2, 92,
        62, 40, 84, 59, 61, 34, 36, 44,  7, 28, 14, 67, 22, 52, 13, 19, 31, 86,
        96, 72])
property no 134
Initial sparsity 64
Optimal Sparsity 48
zero indices tensor([39, 84, 83, 26, 82, 32, 81, 80, 78, 36, 37, 77, 30, 71, 69, 46, 47, 66,
        65, 53, 64, 55, 60, 22,  6,  5, 96, 97,  2, 11, 93, 15, 16, 18, 20, 17])
Indices prune tensor([61, 94,  0, 41, 42, 28, 75, 43, 13, 50, 19,  4, 62,  1, 35, 56])
Remaining indices tensor([10,  8, 23, 57, 29, 12, 33, 45, 34, 73, 52, 59, 67, 91, 70, 63, 49, 25,
        48, 44, 51, 21, 68,  9, 87, 27, 79, 24, 86, 74, 88, 58, 54, 31, 99, 98,
         7, 92, 95, 14,  3, 89, 40, 85, 72, 76, 38, 90])
property no 136
Initial sparsity 65
Optimal Sparsity 53
zero indices tensor([74, 82, 21, 79, 24, 46, 78, 27, 61, 43, 20, 63, 73, 72, 69, 68, 37, 40,
        39, 53, 55, 54, 97,  4,  5,  6, 93,  8,  9, 18, 11, 91, 50, 16, 48])
Indices prune tensor([52, 14, 87, 94, 92, 90, 23, 99, 60, 64, 12, 19])
Remaining indices tensor([81, 76, 36, 66, 67, 32, 15, 84, 38, 96, 33, 10, 65, 26, 51, 13, 98, 62,
        31, 88, 29, 86, 30, 57,  1, 17, 41, 45, 35,  2, 71, 95, 75,  0, 44,  3,
        42, 25, 56, 77,  7, 59, 85, 80, 22, 28, 49, 58, 47, 89, 34, 70, 83])
property no 137
Initial sparsity 70
Optimal Sparsity 6
zero indices tensor([58, 18, 64, 20, 60, 22, 23, 24, 25, 65, 53, 48, 45, 40, 38, 32, 33, 35,
        69,  2,  5,  6,  7, 96, 93, 84, 11, 78, 74, 71])
Indices prune tensor([67, 72, 57, 75, 29, 82, 94, 16, 88, 91, 98, 86, 30, 46, 89, 31, 68, 10,
        81, 14, 19, 73, 59, 66, 37, 27, 41, 47, 77, 92, 80, 36, 49, 28, 39, 97,
         0, 87,  8, 34, 90, 15,  3, 17, 51, 56, 61, 42,  4, 55, 99, 85, 43, 62,
         1, 13, 79,  9, 26, 50, 44, 76, 54, 63])
Remaining indices tensor([21, 52, 83, 12, 95, 70])
property no 142
Initial sparsity 67
Optimal Sparsity 35
zero indices tensor([51, 24, 25, 27, 93, 32, 36, 37, 39, 40, 43, 47,  0, 53, 58, 60, 65, 66,
        67, 68, 69, 77, 71, 72, 97, 11, 94, 15, 17, 18, 19,  5,  6])
Indices prune tensor([44, 89, 56,  8, 33, 35,  9, 87, 20, 81, 46,  4, 88, 63,  3, 75, 42, 85,
         1, 30,  2, 79, 14, 61, 31, 21, 83, 48, 62, 76, 23, 73])
Remaining indices tensor([10, 96, 64, 57, 54, 12, 78, 98, 22, 74, 86, 38, 92, 80, 70,  7, 41, 34,
        29, 16, 28, 45, 59, 90, 99, 95, 13, 55, 49, 91, 82, 84, 52, 26, 50])
property no 145
Initial sparsity 64
Optimal Sparsity 62
zero indices tensor([39, 81, 78, 76, 69, 67, 31, 32, 65, 35, 64, 37, 77, 40, 63, 60, 58, 46,
        57, 49,  0, 51, 56, 55, 22, 97,  4, 21, 20,  5,  6, 93, 16,  9, 89, 82])
Indices prune tensor([29, 99])
Remaining indices tensor([94, 10, 62, 98, 50, 70, 84, 28, 15, 27, 71,  2, 83,  1, 42, 43, 79, 61,
        59, 18, 68, 36, 12, 95, 91,  8, 38, 13, 87, 66, 72, 25, 45, 80, 41, 75,
        85, 90, 26, 96, 86,  3, 47, 33, 19, 74, 34, 52, 24, 92, 17, 44, 48,  7,
        30, 53, 11, 88, 14, 73, 23, 54])
property no 146
Initial sparsity 74
Optimal Sparsity 74
zero indices tensor([53, 41, 40, 47, 33, 31, 48, 93, 86, 94, 26, 25, 85, 22, 57,  5,  6, 83,
        68,  2, 76, 69, 73,  4, 66,  9])
Indices prune tensor([], dtype=torch.int64)
Remaining indices tensor([ 1, 27, 67, 44, 38, 70, 63,  3, 92, 97, 49, 56, 72, 79, 98, 13, 74, 39,
        77, 99, 21, 36, 18, 89, 37, 50, 62, 43, 87, 42, 51, 71, 14, 75, 55, 58,
        61, 82, 84, 64, 95, 16, 35, 80, 91, 28, 24, 23, 12, 17, 32, 96, 60, 30,
        59, 11, 19, 34, 52, 10, 65, 54,  0, 15,  7, 90, 88, 20,  8, 78, 45, 81,
        46, 29])
property no 150
Initial sparsity 67
Optimal Sparsity 28
zero indices tensor([40, 21, 80, 78, 27, 32, 69, 35, 37, 38, 39,  0, 64, 46, 47, 63, 49, 60,
        55, 56, 57, 81, 92, 91,  5,  6,  7, 11, 84, 83, 16, 20, 18])
Indices prune tensor([10, 15, 85,  8, 65, 70,  4, 73, 59, 93, 96, 31, 99, 68, 25, 77, 26, 79,
        29, 72, 17, 62, 41,  3, 44, 98, 48, 23, 75, 22, 97, 71,  2, 53, 34, 42,
        24, 54, 74])
Remaining indices tensor([12, 19, 67, 89, 50, 58, 95, 30,  1, 94, 36, 28, 45, 76, 43, 33, 14, 87,
        86, 66, 52, 13, 88, 51,  9, 61, 90, 82])
property no 151
Initial sparsity 49
Optimal Sparsity 49
zero indices tensor([59, 35, 36, 37, 40, 41, 43, 44, 88, 48, 50, 87, 86, 53, 54, 85, 39, 84,
        63, 83, 66, 67, 68, 69, 82, 80, 73, 74, 75, 76, 78, 25, 31, 16, 18, 91,
        20, 21, 22, 93,  9, 26,  8,  7,  6,  5, 29, 30,  4,  2, 98])
Indices prune tensor([], dtype=torch.int64)
Remaining indices tensor([47,  1,  0, 97, 61, 58, 15, 72, 70, 27, 42, 51, 10, 60, 90, 64, 33, 77,
        65, 13, 24, 95, 12, 14, 32, 89, 99, 56, 17, 34, 79, 11, 81, 57, 62, 46,
        38, 55, 92, 52,  3, 71, 45, 49, 28, 96, 19, 23, 94])
property no 157
Initial sparsity 63
Optimal Sparsity 13
zero indices tensor([35, 83, 82, 78, 25, 27, 77, 55, 32, 74, 34, 58, 37, 39, 71, 70, 69, 46,
        47, 64, 59, 63, 21, 57,  5,  6,  7, 93,  9, 10, 11, 92, 13, 16, 91, 56,
        84])
Indices prune tensor([ 2, 38, 99, 45, 29, 72, 53, 52, 90, 17, 19, 87, 31, 50, 28, 68, 41, 36,
        14, 62, 88, 67, 23, 42, 18, 79, 24, 85,  3, 12, 81, 65,  0, 96, 76, 40,
        33, 98, 60, 44, 54,  1, 66, 73, 48, 61, 43, 95,  4, 26])
Remaining indices tensor([94, 22, 86, 30, 15, 20, 80, 75, 49, 89, 51,  8, 97])
property no 159
Initial sparsity 76
Optimal Sparsity 55
zero indices tensor([58, 32, 35, 29, 38, 24, 40, 51, 20, 53, 56, 63, 13, 11,  1, 88, 76, 71,
         5,  6,  7, 69, 10, 64])
Indices prune tensor([49, 95, 93, 61, 23, 80, 12, 54, 91, 83,  8,  2, 25, 47, 67,  4, 85, 97,
        16, 66, 90])
Remaining indices tensor([42, 94, 59, 45, 18, 41, 48, 68, 87, 14, 70, 57, 37, 44, 89, 86,  3, 28,
        17, 82, 74, 84, 46, 60, 50,  9, 52, 31, 99, 98,  0, 75, 34, 43, 96, 55,
        78, 21, 81, 27, 36, 19, 15, 72, 22, 79, 92, 39, 77, 33, 30, 73, 62, 65,
        26])
property no 164
Initial sparsity 63
Optimal Sparsity 62
zero indices tensor([61, 25, 27, 31, 34, 35, 39, 40, 42, 51, 53, 55, 58, 50, 63, 64, 69, 75,
        76, 82, 87, 88, 90, 93, 99, 16, 10,  6, 11,  7, 14, 24,  5, 21, 20,  8,
        13])
Indices prune tensor([44])
Remaining indices tensor([23, 80, 67, 95, 17, 66, 89, 36,  2, 26, 38, 37, 85, 83, 86, 45, 77, 94,
        74, 43, 98, 19, 18, 70, 60, 54,  1, 84, 96, 81, 15, 32, 33, 73, 22,  4,
        12,  9, 65, 48, 57, 97, 78,  0, 71, 91, 92, 29, 28,  3, 47, 59, 41, 30,
        46, 68, 52, 79, 72, 49, 56, 62])
property no 166
Initial sparsity 67
Optimal Sparsity 3
zero indices tensor([34, 20, 69, 22, 64, 25, 60, 58, 32, 55, 65, 35, 37, 38, 39, 40, 51, 43,
        46, 11, 96, 93, 92,  5,  6,  7,  8, 81, 10, 77, 75, 16, 17])
Indices prune tensor([27, 68, 44, 41, 14, 42, 72, 63, 71, 86, 91, 48, 80, 15, 89, 82,  9, 62,
        87,  1, 73, 13, 36, 18, 54, 21, 30, 26, 33, 95, 85,  0, 29, 49, 24, 90,
        94, 50, 70, 57, 98, 74, 99, 79, 67, 45, 76, 28, 97, 84, 83, 52, 78, 88,
        19, 61,  2, 53, 12,  4, 47, 23, 56,  3])
Remaining indices tensor([66, 31, 59])
property no 173
Initial sparsity 69
Optimal Sparsity 38
zero indices tensor([62, 24, 28, 29, 35, 36, 38, 41, 50, 51, 54, 56,  1, 63, 66, 69, 71, 74,
        75, 79, 82, 83, 93, 98,  6, 14, 13,  5, 11,  8,  7])
Indices prune tensor([95,  0, 49, 86, 12, 23, 94, 73, 18, 25, 61, 26,  3, 19, 37, 92, 59, 96,
        57, 15, 84, 90, 78, 20, 72, 10, 30, 27, 32, 91,  4])
Remaining indices tensor([81, 45, 33, 80, 21, 89, 43, 60, 85, 42, 99, 65,  9, 87, 17, 47, 34, 58,
        55,  2, 39, 97, 68, 53, 40, 52, 70, 22, 31, 77, 44, 76, 48, 64, 16, 46,
        88, 67])
property no 174
Initial sparsity 75
Optimal Sparsity 58
zero indices tensor([55, 23, 27, 29, 32, 35, 40, 42, 50, 51,  1, 63, 64, 66, 69, 71, 74, 86,
        91, 93,  3, 13,  6,  5,  4])
Indices prune tensor([39, 48, 33, 96, 67, 53, 81, 95, 24, 34, 98, 19, 76, 58, 16, 61, 65])
Remaining indices tensor([ 9, 70, 12,  0, 46,  2, 15, 44, 83, 92, 22, 52, 75, 26, 14, 79, 87,  8,
        97, 49, 82, 11, 21, 30, 72, 59, 20, 73, 94, 43, 28, 77, 45, 62, 80, 18,
        10, 90, 57, 84, 85, 99, 89, 56, 78, 60, 54,  7, 41, 17, 36, 31, 38, 47,
        37, 68, 88, 25])
property no 175
Initial sparsity 61
Optimal Sparsity 8
zero indices tensor([56, 27, 31, 32, 93, 35, 38, 39, 78, 45, 47, 53, 55, 37, 57, 58, 59, 60,
        61, 63, 64, 88, 69, 70, 72, 73, 25, 13, 14, 98, 11,  9,  7,  6, 20,  5,
         4,  2, 84])
Indices prune tensor([75, 22, 90, 86, 18, 92, 62, 66, 67, 44, 50, 43, 12, 68, 91, 28, 40, 89,
        42, 54, 30, 23, 80, 74, 95, 94, 79,  0, 99, 29,  1, 33, 26, 16, 71, 21,
        15, 48, 41, 85,  3, 96, 52, 65, 97, 19, 10, 24, 49, 76, 87, 36, 77])
Remaining indices tensor([34, 46, 83,  8, 17, 81, 82, 51])
property no 185
Initial sparsity 69
Optimal Sparsity 53
zero indices tensor([55, 28, 32, 34, 36, 38, 40, 41, 43,  0, 51, 52, 50, 56, 58, 65, 69, 74,
        76, 80, 88, 90, 94, 99,  5,  6,  7, 10, 11, 17, 18])
Indices prune tensor([71, 19, 35, 37, 68, 66, 60, 12, 45, 47, 85, 15, 82, 77, 21, 13])
Remaining indices tensor([78, 42, 27,  4, 57, 20, 67, 24, 87, 96, 31, 79, 61, 53, 23, 14, 93, 62,
        46,  1, 83, 98, 25, 26, 48, 97, 92, 54, 33, 29, 75, 84, 72,  3, 44,  8,
        22, 64, 70,  2, 30, 59,  9, 16, 73, 89, 86, 39, 49, 91, 95, 63, 81])
property no 196
Initial sparsity 61
Optimal Sparsity 4
zero indices tensor([63, 71, 25, 27, 28, 68, 67, 32, 33, 66, 36, 65, 69, 61, 55, 43, 53, 45,
        46, 47, 52, 49, 50, 51, 73, 98, 93,  5,  6, 12, 13, 77, 75, 17, 72, 18,
        19, 21, 74])
Indices prune tensor([ 1, 88, 90, 29, 26, 14,  2, 54, 10, 11,  3, 30, 87, 83, 23, 40, 42, 96,
        59, 48, 76,  9, 41, 58, 92, 31, 44, 20, 34, 15, 60,  7, 95, 81, 70,  4,
        97, 89,  8, 85, 94, 64, 38, 24, 16, 57, 39, 86,  0, 82, 56, 62, 35, 84,
        78, 22, 80])
Remaining indices tensor([37, 99, 79, 91])
property no 197
Initial sparsity 60
Optimal Sparsity 57
zero indices tensor([34, 69, 25, 26, 68, 65, 60, 56, 55, 32, 54, 22, 35, 51, 37, 50, 39, 40,
        41, 42, 46, 45, 90,  0, 97, 96, 94,  5,  6, 93, 92, 11, 77, 14, 15, 76,
        18, 75, 20, 74])
Indices prune tensor([78, 87,  8])
Remaining indices tensor([ 4, 62, 53, 89, 30, 12, 61, 66, 13, 52, 23,  7, 84, 82, 43, 63, 47, 91,
         2, 29, 67, 31, 81, 72, 21, 59, 73, 71, 70, 10, 83, 98, 99, 80, 95, 36,
        19, 16, 88,  1, 49, 48,  3, 17, 57, 28, 27, 33, 86, 85, 64,  9, 24, 44,
        38, 79, 58])
property no 199
Initial sparsity 70
Optimal Sparsity 12
zero indices tensor([17, 56, 32, 31, 34, 60, 63, 27, 50, 25, 38, 48, 20, 19, 18, 69, 41, 44,
        97, 42, 94,  5,  6, 93, 92, 73, 78, 75, 74, 14])
Indices prune tensor([ 7, 67, 36, 81, 95, 61, 85,  2, 49, 39, 64, 23,  4,  0, 24, 47, 71, 45,
        26, 96,  9, 35, 84, 80, 89, 59, 58, 88, 40, 43, 15, 12, 53, 79,  3, 33,
        52, 77, 29, 82, 66, 68, 11, 76, 10, 62, 90, 28, 83, 13, 70, 86, 65, 55,
        16, 72, 30, 99])
Remaining indices tensor([37, 51, 22,  1, 54,  8, 46, 91, 98, 57, 87, 21])
property no 202
Initial sparsity 65
Optimal Sparsity 27
zero indices tensor([44, 23, 24, 26, 29, 30, 32, 76, 35, 36, 38, 41,  1, 71, 48, 51, 69, 54,
        55, 65, 57, 60, 64, 21,  5, 93, 11, 91, 96, 88, 17,  6,  7, 20, 97])
Indices prune tensor([ 3, 89,  2, 68, 95, 59, 70, 61, 79, 82, 13, 62, 46, 37, 85, 39, 18, 45,
        14, 34,  9, 47, 58, 99, 16, 84, 42, 15, 53, 74, 63, 22, 19, 80, 73, 94,
         0, 98])
Remaining indices tensor([52, 40, 49, 75, 77, 25, 28, 72, 27,  4, 83, 33,  8, 90, 81, 66, 87, 31,
        43, 56, 92, 86, 67, 12, 50, 10, 78])
property no 203
Initial sparsity 67
Optimal Sparsity 24
zero indices tensor([66, 30, 31, 36, 40, 41, 45, 47, 53, 55, 56, 60,  1, 69, 70, 72, 78, 80,
        81, 84, 86, 93, 95, 99,  5,  6,  7, 22, 11,  3, 21,  2, 20])
Indices prune tensor([29, 57, 16, 17, 34, 48, 87, 82, 33, 10, 90, 27, 92, 73, 42, 19,  8, 77,
        12,  4, 35, 37, 26, 71, 15, 32, 74, 14, 83, 28, 85, 76, 62, 75, 79, 58,
        91, 50, 38, 97, 61, 24,  9])
Remaining indices tensor([18, 68, 98, 96, 51, 39, 94, 23, 52, 64,  0, 43, 59, 88, 63, 46, 89, 54,
        44, 25, 65, 49, 67, 13])
property no 204
Initial sparsity 69
Optimal Sparsity 47
zero indices tensor([36, 82, 21, 81, 25, 74, 71, 28, 69, 64, 75, 38, 57, 40, 56, 43, 55, 48,
        46, 47,  6, 17,  2,  7, 91, 13,  8,  9,  5, 83, 93])
Indices prune tensor([15, 65, 68, 95, 41, 62,  3, 85, 86, 27,  1, 96, 60, 90, 61, 88, 98, 31,
        50, 12, 94, 54])
Remaining indices tensor([39, 10, 78, 49, 84, 99, 29, 11,  0, 45, 34, 16, 20, 14, 73, 76, 32, 52,
        67, 44, 33, 22, 59, 87, 79, 63, 80, 30, 51,  4, 18, 92, 35, 72, 70, 97,
        19, 37, 53, 77, 66, 58, 23, 26, 24, 89, 42])
property no 207
Initial sparsity 71
Optimal Sparsity 70
zero indices tensor([68, 24, 25, 30, 33, 34, 45, 49, 53, 59, 62, 50, 69, 71, 73, 74, 83, 85,
        86, 89, 93, 99,  2, 13,  5, 12, 17, 10,  6])
Indices prune tensor([42])
Remaining indices tensor([67, 58, 60, 70,  9, 66, 79, 64, 22, 21, 78, 15,  1, 31, 63, 92, 44, 14,
        96,  4, 98, 77, 39, 41, 55, 75, 38, 51, 94,  0, 57,  7, 87,  8, 84,  3,
        46, 91, 29, 43, 47, 37, 27, 40, 76, 81, 90, 48, 72, 11, 88, 28, 20, 32,
        52, 97, 65, 61, 54, 35, 16, 95, 36, 82, 19, 80, 56, 26, 18, 23])
property no 208
Initial sparsity 70
Optimal Sparsity 52
zero indices tensor([48, 69, 20, 68, 66, 64, 60, 53, 49, 18, 30, 47, 32, 33, 45, 43, 40, 96,
        94, 93,  5,  6,  8, 90, 71, 10, 12, 83, 72, 15])
Indices prune tensor([88, 55, 50, 99, 19, 63, 28, 58, 11, 26, 44, 95, 38, 17, 98, 21,  0, 89])
Remaining indices tensor([14, 81,  7, 79, 86, 61, 70, 16, 65, 35, 41, 13, 54, 57, 52, 75, 92, 76,
        22,  9, 51, 34, 67, 27, 25, 23, 37, 73, 29,  1, 85, 39, 82,  3,  2, 59,
        74, 91, 80, 36, 62, 56,  4, 84, 31, 46, 78, 97, 87, 24, 77, 42])
property no 217
Initial sparsity 74
Optimal Sparsity 22
zero indices tensor([36, 19, 71, 69, 25, 27, 29, 32, 34, 98, 38, 63, 43, 60, 59, 53, 55,  5,
         6, 74, 88,  9, 14, 13, 93, 78])
Indices prune tensor([30, 49, 58, 22, 28, 66, 68, 97, 41,  1, 52,  0, 50, 44, 72, 11, 42, 16,
        39, 47, 54, 33,  7, 64, 87, 80, 83, 51, 84, 21, 85, 79,  2, 70, 81, 67,
        91, 76, 20, 96, 73, 37, 57, 17, 18, 45, 23, 48,  4, 75, 86, 31])
Remaining indices tensor([ 8, 35, 99, 77, 46,  3, 62, 40, 10, 61, 90, 26, 12, 82, 15, 89, 24, 94,
        65, 95, 56, 92])
property no 220
Initial sparsity 67
Optimal Sparsity 30
zero indices tensor([67, 27, 32, 36, 37, 44, 45, 46, 49, 50, 54, 55, 60,  1, 69, 72, 73, 74,
        78, 80, 87, 89, 93, 95, 97, 25,  6,  0, 23,  5, 22, 21, 20])
Indices prune tensor([18, 77, 94,  2, 62, 86, 81, 58, 92, 52, 41, 16, 70, 29, 56,  7,  9, 14,
        24, 98, 71,  8, 19, 99, 15, 68, 90, 75,  4, 12, 47,  3, 31, 82, 33, 83,
        28])
Remaining indices tensor([63, 91, 10, 17, 48, 76, 26, 53, 34, 42, 11, 65, 51, 66, 43, 84, 38, 57,
        64, 96, 79, 61, 85, 40, 30, 13, 35, 88, 39, 59])
property no 222
Initial sparsity 66
Optimal Sparsity 56
zero indices tensor([59, 20, 21, 22, 69, 67, 25, 63, 27, 70, 56, 55, 31, 50, 39, 35, 36, 38,
        87,  0, 93, 92,  4,  5,  6,  7, 88, 18, 10, 86, 79, 78, 74, 73])
Indices prune tensor([62, 72, 90, 44, 71, 19, 24, 81, 58, 64])
Remaining indices tensor([ 8, 15, 45, 91, 43, 60, 89, 12, 65,  3, 61, 53, 96, 84, 13,  2, 33, 32,
        99, 29,  9, 30, 42, 46, 75, 85, 11, 26, 51, 54, 57, 14, 34, 16, 97, 66,
        76, 49,  1, 98, 41, 23, 48, 68, 80, 94, 95, 17, 77, 47, 82, 40, 52, 83,
        28, 37])
property no 225
Initial sparsity 66
Optimal Sparsity 62
zero indices tensor([73, 51, 20, 21, 46, 91, 93, 26, 68, 18, 69, 40, 39, 32, 70, 34, 38, 37,
        67, 63, 81, 61,  4,  5,  6, 58, 54,  9, 11, 79, 13, 97, 16, 78])
Indices prune tensor([48, 86, 43, 57])
Remaining indices tensor([92, 23, 87, 19,  3, 36, 27, 99, 66,  7, 56, 28,  0, 41, 95, 17,  1, 82,
        98, 24, 72, 15, 83, 59, 89, 84, 74, 49, 52, 44, 42, 65, 45, 31, 22, 35,
        96, 29, 80, 71, 12, 64, 77, 60, 30, 50, 76, 55, 10,  2, 53, 62, 33, 47,
        14, 88, 25,  8, 85, 94, 90, 75])
property no 230
Initial sparsity 62
Optimal Sparsity 49
zero indices tensor([31, 78, 22, 76, 56, 26, 74, 73, 57, 30, 55, 70, 33, 69, 68, 67, 66, 40,
        65, 89, 50, 51, 94,  4,  5,  6, 93,  8, 48, 10, 79, 12, 13, 53, 86, 46,
        85, 82])
Indices prune tensor([59, 15, 77, 28, 97, 18, 35, 44, 61, 41, 62, 91, 84])
Remaining indices tensor([54, 80, 39, 95, 99, 25, 71, 29, 11, 96, 90, 24, 16, 20, 37, 88, 23, 19,
        42, 27, 92, 98, 60,  7,  9,  3,  2, 81, 45, 43, 83, 64, 49, 32,  1, 52,
        72, 17, 38, 36, 14,  0, 58, 75, 87, 47, 21, 63, 34])
property no 231
Initial sparsity 58
Optimal Sparsity 8
zero indices tensor([32, 22, 68, 24, 91, 82, 84, 47, 29, 90, 44, 21, 33, 61, 65, 36, 37, 64,
        39, 40, 63, 42, 11, 81, 54,  3,  4,  5,  6, 57, 73,  9, 97, 52, 13, 70,
        93, 69, 51, 58, 19, 20])
Indices prune tensor([46, 88, 27, 74, 23, 16, 95, 99, 86, 17, 78, 72, 83, 75, 66,  0, 89,  8,
        53,  2,  1, 56, 50, 35, 48, 41, 71, 85, 77, 49, 30, 34, 18, 10, 98, 26,
        76, 92, 79, 94, 15, 62, 67, 80, 38, 59, 25, 28,  7, 43])
Remaining indices tensor([55, 60, 31, 96, 14, 87, 12, 45])
property no 232
Initial sparsity 65
Optimal Sparsity 13
zero indices tensor([69, 27, 29, 44, 46, 47,  0, 53, 56, 57, 62, 63, 67, 50, 72, 73, 74, 75,
        77, 79, 82, 84, 93, 95, 99, 20, 13, 22, 12, 10,  9, 21,  6,  5,  1])
Indices prune tensor([42, 92, 55, 16, 68, 30, 26, 83, 33, 94, 66, 87, 36, 88, 97, 58, 24, 65,
        11, 59, 15,  4, 96, 89, 38, 85, 14, 19, 48, 32, 61, 40, 37, 45, 25, 49,
         2, 39, 35, 98,  7, 34, 17, 43, 31, 51, 60, 18, 91, 28, 76, 64])
Remaining indices tensor([ 3, 70, 86, 71, 52, 54, 23,  8, 81, 41, 90, 80, 78])
property no 234
Initial sparsity 67
Optimal Sparsity 62
zero indices tensor([35, 75, 74, 25, 73, 27, 71, 70, 32, 69, 34, 99, 37, 64, 39, 63, 61, 43,
        58, 56, 55, 54, 90, 20, 78, 98, 92, 87, 14, 13,  5,  6,  7])
Indices prune tensor([10, 48, 77, 51, 41])
Remaining indices tensor([12, 38, 46, 65, 53, 26,  2, 47, 88, 83, 93, 50, 79,  3, 52, 28, 24, 72,
        94, 36, 91, 45, 68,  4, 67, 49, 15, 76, 82, 29, 42, 81, 85, 89, 60, 22,
        21, 18,  8, 31, 86, 97, 96, 23, 80, 44, 11, 59, 57, 19,  1, 62, 33, 95,
         0, 30, 40, 17,  9, 66, 84, 16])
property no 235
Initial sparsity 57
Optimal Sparsity 5
zero indices tensor([35, 76, 25, 26, 75, 28, 29, 30, 71, 69, 66, 23, 58, 55, 38, 39, 40, 54,
        51, 48, 44, 46, 91,  2, 98, 97,  5,  6,  7, 96, 92, 11, 77, 13, 14, 90,
        83, 17, 18, 80, 20, 78,  1])
Indices prune tensor([41, 60, 64, 95,  3, 31, 21, 36, 15, 59,  0,  4, 88, 79, 49, 89,  8, 34,
        12, 37, 73, 45, 42, 62, 84, 63, 52, 27, 72, 19, 99, 22, 43, 65, 16, 70,
        50, 68, 53, 93, 86, 87, 32, 24, 85, 47, 33, 67,  9, 10, 74, 57])
Remaining indices tensor([61, 56, 81, 94, 82])
property no 240
Initial sparsity 65
Optimal Sparsity 8
zero indices tensor([91, 20, 21, 87, 25, 27, 57, 29, 56, 61, 92, 35, 48, 37, 38, 40, 46, 43,
        69,  5,  6,  7, 78, 75,  9, 79, 73, 13, 67, 66, 98,  0, 85, 17, 63])
Indices prune tensor([19, 53, 55,  3, 97, 51, 74, 90, 28, 68, 24, 49, 72, 12, 50, 59, 39, 32,
         1, 76, 34, 86, 89, 14, 93, 47, 71, 88, 36,  2, 84, 81, 52, 44, 33, 60,
        22, 58, 94, 82, 11, 95, 96, 54, 23, 77, 26, 70, 45, 30, 83, 62, 41, 42,
        80, 64, 18])
Remaining indices tensor([15, 10, 65,  4, 99, 16, 31,  8])
property no 243
Initial sparsity 59
Optimal Sparsity 45
zero indices tensor([78, 28, 85, 32, 84, 35, 38, 39, 40, 82, 43, 79, 46, 51,  1, 55, 56, 58,
        59, 74, 61, 62, 63, 64, 67, 69, 71, 72, 27, 91, 92, 93, 20, 14, 22,  7,
         6, 86, 25,  5,  4])
Indices prune tensor([60,  2, 12, 24, 33, 75, 45, 88, 57, 23, 76, 37, 98, 49])
Remaining indices tensor([89, 97, 16, 73, 94, 29, 19, 66, 17, 54, 13, 95, 99,  0, 65, 10, 21,  8,
        18, 70,  9, 80, 48, 77, 30, 34, 87, 90, 36, 50, 42, 52, 41, 81, 53, 47,
        31, 83, 15,  3, 96, 11, 26, 68, 44])
property no 244
Initial sparsity 59
Optimal Sparsity 40
zero indices tensor([45, 23, 81, 28, 79, 35, 38, 39, 40, 78, 44, 30, 71, 48, 69, 51, 65, 54,
        55, 63, 58, 60, 13,  1,  2,  0,  5,  6,  7, 98,  9, 10, 11, 97, 22, 96,
        17, 93, 20, 83, 21])
Indices prune tensor([46, 94,  4, 52, 42, 61,  3, 68, 18, 12, 50, 31, 62, 29, 57, 92, 15, 53,
        91])
Remaining indices tensor([82, 19, 74, 99, 89, 24, 90, 73, 14, 64, 37, 95, 33, 26, 59, 36, 88, 75,
        34, 41, 76, 27, 84, 87, 56, 70, 80,  8, 85, 77, 72, 16, 67, 25, 66, 43,
        47, 49, 86, 32])
property no 257
Initial sparsity 56
Optimal Sparsity 25
zero indices tensor([64, 24, 25, 28, 29, 69, 32, 34, 35, 37, 38, 39, 27, 63, 43, 61, 45, 47,
        58, 50, 55, 53, 54, 75,  0, 98,  3, 93,  5,  6, 91,  8, 88, 87, 11, 13,
        14, 84, 23, 78, 19, 83, 17, 16])
Indices prune tensor([12, 68,  1, 26, 18, 44, 51, 41, 89, 66, 31, 72, 86, 77, 74, 15, 76, 95,
        60, 94, 67, 52,  9, 21, 48, 99, 92, 79, 59, 97, 20])
Remaining indices tensor([82, 90, 96, 65, 49, 22, 36, 57, 33, 30, 10, 81, 80, 56, 62, 42, 70, 71,
         4,  7, 85, 40, 73, 46,  2])
property no 265
Initial sparsity 60
Optimal Sparsity 29
zero indices tensor([60, 32, 34, 35, 36, 39, 41, 43, 46, 50, 51, 54, 55, 58, 59,  1, 61, 63,
        65, 69, 73, 74, 75, 76, 83, 88, 90, 91, 93, 97,  7,  9, 11,  6, 14,  5,
        22,  2, 25, 23])
Indices prune tensor([96, 47, 71, 48, 19, 45, 31, 99, 94, 28,  4, 38, 62, 44,  0, 33, 24, 78,
        70, 10, 86, 12, 53, 95,  8, 17, 85, 82, 77, 27, 64])
Remaining indices tensor([66, 29, 92, 89, 84, 16, 21, 20, 15, 18, 13, 72, 79, 80, 26, 67, 56, 37,
        40, 98, 81,  3, 49, 30, 52, 68, 42, 87, 57])
property no 267
Initial sparsity 69
Optimal Sparsity 66
zero indices tensor([56, 25, 26, 29, 85, 38, 44, 48, 78, 53, 55, 37, 57, 59, 60, 76, 63, 64,
        75, 69, 70, 73, 16,  4, 95,  5, 13,  6, 98, 10,  9])
Indices prune tensor([36, 77, 32])
Remaining indices tensor([66, 82, 49, 87, 12, 80, 30, 72, 83, 62, 17, 33, 22, 81, 45, 88, 47, 68,
        43, 94, 79, 90, 67, 24, 86, 40, 99, 14, 41, 61, 11, 15,  0, 96, 54, 50,
        65, 52, 74, 21,  3, 51, 31, 89, 92, 71, 46,  7, 91,  8, 35, 18,  2, 93,
        19, 58, 20, 42, 39, 27, 23,  1, 84, 97, 34, 28])
property no 268
Initial sparsity 71
Optimal Sparsity 47
zero indices tensor([92, 22, 24, 62, 27, 88, 82, 32, 33, 36, 25, 90, 74, 55, 42, 43, 84, 91,
        47, 50, 69,  8,  6,  5, 20, 67, 16, 18, 19])
Indices prune tensor([31, 98, 70, 30, 49, 21, 77, 51, 53, 96, 81, 87, 56,  0, 34, 65, 57, 14,
        58, 79, 26, 64, 46, 45])
Remaining indices tensor([80, 78, 44,  3, 72, 11, 63, 97, 99, 73, 37, 28,  4, 86, 41, 95, 40,  9,
        85,  1,  7, 94,  2, 76, 39, 52, 59, 13, 66, 60, 12, 71, 38, 35, 75, 83,
        29, 17, 10, 93, 15, 68, 23, 54, 48, 89, 61])
property no 272
Initial sparsity 70
Optimal Sparsity 26
zero indices tensor([47, 91, 83, 21, 22, 90, 24, 25, 48, 56, 84, 33, 43, 42, 40, 85, 86, 62,
        81, 82, 73,  5,  6, 71, 69, 68, 95, 13, 66, 59])
Indices prune tensor([19,  7, 18, 55, 50, 99, 65, 10, 29, 51, 88, 74, 30, 36, 54, 20, 87, 97,
        31, 60, 64, 39, 44, 78, 15, 16, 37, 89, 94, 28, 80, 75, 12,  2, 45, 63,
        96, 17, 38, 41, 92, 27,  1, 26])
Remaining indices tensor([58, 23, 61, 57, 14, 72, 98, 76, 79, 53,  0, 32, 11, 77, 35,  4,  9, 67,
         8, 34, 46, 52,  3, 49, 70, 93])
property no 273
Initial sparsity 52
Optimal Sparsity 5
zero indices tensor([53, 28, 30, 31, 79, 33, 78, 40, 41, 43, 76, 75, 48, 74, 98, 54, 55, 56,
        57, 73, 71, 61, 63, 70, 66, 67, 69, 26,  2, 97,  4,  5,  6,  8,  9, 10,
        11, 12, 95, 93, 92, 86, 27, 20, 25, 22, 82, 85])
Indices prune tensor([89, 46, 99,  7, 50, 21, 35, 29, 72, 59, 34, 90, 81, 23, 51, 32, 84,  0,
        88, 42, 65, 94, 19, 44, 38, 14, 83, 49, 17, 77, 60, 37, 64, 62, 18, 15,
        80, 96, 52, 58, 36, 68, 39, 45, 87,  3, 16])
Remaining indices tensor([91,  1, 13, 47, 24])
property no 274
Initial sparsity 62
Optimal Sparsity 45
zero indices tensor([63, 71, 69, 25, 26, 27, 65, 29, 32, 64, 35, 70, 37, 61, 60, 59, 58, 42,
        43, 55, 53, 46, 74, 93,  5,  6,  7,  8, 88, 87, 11, 85, 13, 16, 78, 76,
        75,  1])
Indices prune tensor([90, 80, 81, 39, 19, 54, 52,  4, 38, 17, 15, 44, 34, 72, 82, 49, 30])
Remaining indices tensor([66, 20,  9, 94, 79, 73, 47, 18, 92, 62, 31, 28, 33,  2, 57, 86, 21, 50,
        22, 98, 84, 51,  3, 24, 67, 91, 41, 10, 45,  0, 12, 48, 95, 99, 96, 56,
        68, 77, 89, 97, 40, 14, 23, 36, 83])
property no 276
Initial sparsity 62
Optimal Sparsity 57
zero indices tensor([64, 78, 27, 28, 31, 32, 75, 70, 38, 39, 69, 66, 98, 47, 61, 50, 51, 60,
        53, 55, 56, 57, 58,  6, 13, 14, 88, 11,  9, 93,  7,  5,  3, 20, 81,  2,
        80, 23])
Indices prune tensor([67, 84, 52, 96, 63])
Remaining indices tensor([42, 35, 95, 40, 94,  4, 16, 22, 86, 72, 17, 30, 43, 68, 92,  1, 49,  8,
        90, 44, 77, 25, 73, 12, 15, 97, 54, 21, 65, 29, 19, 83, 48, 24, 87, 36,
        82, 10, 46, 33, 37, 74, 34, 45, 18, 62, 79, 76, 26, 59, 85, 41,  0, 89,
        71, 99, 91])
property no 280
Initial sparsity 64
Optimal Sparsity 26
zero indices tensor([35, 21, 73, 24, 25, 69, 30, 61, 32, 59, 34, 70, 58, 37, 38, 57, 40, 41,
        56, 54, 49, 75,  2, 98,  5,  6,  7,  8,  9, 93, 14, 90, 16, 87, 78, 20])
Indices prune tensor([83, 79, 96, 11, 22, 62, 17, 97, 80, 74, 51, 29, 43, 53, 13, 91, 88, 42,
        81, 82, 44, 94, 39, 27, 47, 64, 95, 60, 50, 67, 46, 68, 36,  3, 77,  0,
        99, 31])
Remaining indices tensor([28, 26, 86, 23, 10, 33, 15, 85, 18, 12, 89,  4, 52, 48, 66, 63, 92, 76,
        84, 55, 72, 45,  1, 65, 19, 71])
property no 282
Initial sparsity 70
Optimal Sparsity 70
zero indices tensor([55, 20, 21, 23, 24, 69, 27, 65, 60, 32,  1, 54, 36, 37, 53, 39, 52, 49,
        47, 45, 18,  6,  8, 93, 90,  5, 77, 12, 15, 97])
Indices prune tensor([], dtype=torch.int64)
Remaining indices tensor([ 2, 72, 26, 87, 11, 57, 78, 61, 10, 89, 25, 98, 83, 68, 35, 80, 59, 63,
        75, 30, 84, 38, 13, 73, 28, 40, 85, 86, 70, 48, 17, 67, 46, 51, 74, 96,
        58,  7, 71, 94, 44,  4, 42, 88, 66, 19, 29, 95, 41, 64, 79, 33, 91, 50,
        99, 14,  9, 92,  3, 34, 82, 56, 43, 22, 81, 31, 76, 16, 62,  0])
property no 283
Initial sparsity 63
Optimal Sparsity 35
zero indices tensor([47, 26, 27, 29, 32, 82, 36, 37, 38, 39, 42, 46, 35, 77, 76, 74, 55, 57,
        58, 60, 64, 65, 69, 70, 91,  1,  5,  6, 93, 11, 88, 15, 16, 87, 19, 20,
        21])
Indices prune tensor([ 9, 95, 83, 85, 24, 50, 79, 48, 30, 73,  3, 86, 22, 66, 63,  8, 81, 28,
        18, 96, 72, 12, 14, 78, 23, 67, 62,  7])
Remaining indices tensor([ 2, 49, 92, 56, 54, 41, 43, 34, 33,  4, 59, 13, 97, 45, 53, 61,  0, 84,
        89, 40, 17, 68, 10, 98, 52, 31, 99, 44, 51, 71, 25, 94, 80, 75, 90])
property no 285
Initial sparsity 74
Optimal Sparsity 34
zero indices tensor([75, 51, 52, 28, 56, 58, 61, 63, 65, 69, 20, 71, 74, 79, 13, 47, 93,  3,
         4,  5,  6, 88,  9, 11, 32, 80])
Indices prune tensor([97, 25,  0, 54, 43, 98, 76,  2, 31, 46, 85, 55, 48, 39, 26, 70, 91, 87,
        21, 17, 89,  7, 50, 67, 45, 12, 49, 16, 29, 94, 41, 68, 92, 84, 22, 62,
        33, 77, 86, 99])
Remaining indices tensor([ 8, 78, 66, 10, 24, 35, 60, 30, 81, 38, 95, 36, 73, 90, 23, 82, 19, 64,
        83, 27, 14, 59, 72, 18, 44, 53, 15, 37,  1, 40, 57, 34, 42, 96])
property no 286
Initial sparsity 56
Optimal Sparsity 46
zero indices tensor([39, 25, 27, 79, 92, 31, 91, 90, 34, 35, 63, 88, 38, 73, 40, 61, 56, 43,
        44, 82, 46, 48,  0, 86, 85, 78, 98,  4,  5,  6,  7, 72,  9, 75, 13, 94,
        69, 17, 18, 67, 20, 21, 66, 93])
Indices prune tensor([ 3, 26,  8, 57, 45, 49, 65,  2, 76, 32])
Remaining indices tensor([51, 14, 52, 28, 97, 68, 81, 16, 12, 19, 99, 58, 95, 64, 96, 53, 77, 74,
        22, 60, 42, 84, 41, 83, 10, 15, 54, 59, 24, 70, 80,  1, 37, 36, 23, 55,
        87, 47, 50, 11, 71, 89, 29, 62, 33, 30])
property no 288
Initial sparsity 58
Optimal Sparsity 6
zero indices tensor([60, 30, 32, 36, 39, 45, 47, 50, 53, 54, 55, 56, 57, 58,  1, 61, 67, 69,
        70, 78, 79, 81, 83, 84, 86, 90, 93, 97,  8, 20,  3, 21, 14, 13, 22,  4,
         5,  6, 11, 10,  0, 27])
Indices prune tensor([ 7, 41, 80, 87, 44, 19, 42, 72, 73, 26, 95, 38, 94, 12, 52, 24, 91, 43,
        31, 76, 62, 63,  9, 15, 16,  2, 37, 65, 92, 49, 88, 17, 59, 34, 74, 51,
        28, 99, 35, 89, 46, 33, 75, 66, 71, 29, 85, 18, 96, 68, 98, 82])
Remaining indices tensor([25, 48, 23, 64, 40, 77])
property no 289
Initial sparsity 64
Optimal Sparsity 27
zero indices tensor([70, 78, 27, 29, 31, 76, 36, 37, 74, 73, 72, 71, 32, 69, 51, 53, 54, 55,
        64, 57, 58, 59, 60, 63, 13,  1, 98, 96,  5,  6,  9, 93, 11, 14, 19, 21])
Indices prune tensor([ 7, 61, 20, 97, 44, 95, 12, 17,  2, 18, 99, 30,  4, 24, 41, 48, 15, 67,
        56, 46, 80, 75,  8, 23, 50, 26, 47, 84, 62, 33, 35, 66, 87, 34,  3, 52,
         0])
Remaining indices tensor([49, 28, 39, 65, 45, 68, 89, 92, 81, 40, 86, 82, 91, 90, 16, 25, 22, 77,
        94, 88, 79, 10, 83, 38, 85, 42, 43])
property no 290
Initial sparsity 72
Optimal Sparsity 38
zero indices tensor([67, 35, 34, 36, 37, 31, 38, 46, 27, 25, 56, 21, 20, 63, 69, 70, 73, 72,
        13, 74, 75, 98, 93, 90, 82,  5, 87,  6])
Indices prune tensor([ 3, 44, 42, 54, 59, 39, 80, 88, 47, 22,  8, 86, 61, 11, 91, 55, 76, 40,
        16, 41, 48, 26, 19, 64, 23,  1,  0, 71, 66, 29, 17, 65, 14, 68])
Remaining indices tensor([51, 52, 89, 45, 62,  4, 60, 97, 53, 94, 79, 33, 43, 57, 18, 50, 12, 96,
        99, 81, 49, 85,  2, 77, 58, 92, 10,  9, 84, 24, 95, 30, 28, 78,  7, 83,
        32, 15])
property no 292
Initial sparsity 80
Optimal Sparsity 59
zero indices tensor([82, 22, 21, 54, 24, 53, 69, 49, 79, 13, 47, 45, 33, 95,  6,  5, 43,  3,
         2, 99])
Indices prune tensor([72, 91, 73, 40, 28, 30,  0, 71, 70, 87, 89, 50, 57, 14, 23, 58, 56, 52,
        36, 32, 74])
Remaining indices tensor([38, 83, 37, 90, 67, 29,  8, 26, 27, 20, 75, 97,  1, 76, 88, 62, 61, 86,
        92, 84, 98, 34, 63, 17, 96, 18, 77, 15, 41, 64,  4,  7, 85, 31, 65, 44,
        12, 66, 48, 35, 46, 11, 60, 25, 93, 16, 78, 10, 81, 68, 42, 59, 51, 55,
        19,  9, 80, 39, 94])
property no 296
Initial sparsity 70
Optimal Sparsity 28
zero indices tensor([42, 52, 76, 53, 27, 74, 33, 24, 82, 73, 21, 72, 86, 69, 66, 16, 93, 13,
        12, 43, 64,  9, 63, 48,  6,  5,  4, 55, 99, 59])
Indices prune tensor([89, 85, 91, 81, 34, 39, 23, 95, 67,  7,  1, 15, 45, 11, 44, 80,  8, 77,
        47, 57, 18, 71, 56, 84, 75, 29, 28, 50, 20, 97, 87, 25, 96, 68, 40, 26,
        54, 98, 61, 90, 60, 35])
Remaining indices tensor([58, 10, 31, 36, 49, 41, 70, 32, 65, 46,  0, 14, 51, 92, 83, 78,  3, 94,
        38, 62, 19, 37, 79, 17, 30,  2, 22, 88])
property no 297
Initial sparsity 58
Optimal Sparsity 5
zero indices tensor([69, 30, 32, 35, 36, 38, 39, 50, 51, 54, 55, 57, 58, 60, 65,  1, 70, 71,
        75, 76, 77, 78, 80, 82, 88, 90, 91, 94, 97, 98,  6, 23, 20, 18, 17,  5,
        29, 15, 14, 26, 11,  7])
Indices prune tensor([93, 81, 64, 56,  8, 13, 68, 49, 42, 10, 34, 84, 63, 83, 72, 44, 89, 96,
        99, 95, 48, 33, 46, 79, 62, 92, 52, 22, 87, 31, 61, 66, 16, 45,  2, 27,
        74,  3, 47, 59, 24, 21, 73, 37, 67, 43,  4, 86, 40, 25, 12, 28, 19])
Remaining indices tensor([85,  0,  9, 41, 53])
property no 298
Initial sparsity 55
Optimal Sparsity 29
zero indices tensor([69, 32, 35, 37, 38, 39, 40, 41, 44, 51, 54, 55, 58, 63, 65, 66,  1, 71,
        76, 78, 81, 82, 83, 84, 88, 90, 91, 92, 96, 97, 98, 99, 25, 22, 20, 14,
        11, 10,  7, 26,  2, 29,  6, 30,  5])
Indices prune tensor([47, 24, 86, 59, 80, 79, 31, 57, 87, 73, 17, 53, 23, 77, 33, 43, 52, 42,
        28, 62, 49, 94, 75,  4, 85, 13])
Remaining indices tensor([ 9, 45, 64, 68, 27, 16, 19, 36, 48, 46, 56, 61, 67, 15, 95, 21, 12, 34,
        89, 70,  3, 50, 18, 60, 74,  0, 72, 93,  8])
property no 299
Initial sparsity 81
Optimal Sparsity 60
zero indices tensor([73, 53, 43, 59, 63, 66, 67, 69, 74, 21, 85, 86, 13,  1, 95,  3,  4,  5,
         6])
Indices prune tensor([51, 87, 16, 38, 57, 82, 14, 96, 71, 26,  0, 93, 47, 55, 61,  8, 40, 39,
        99, 97, 56])
Remaining indices tensor([32, 41, 18, 49, 72, 20, 25, 37, 65, 54, 15, 29, 80, 11, 27, 62, 42, 79,
        52, 68, 60, 58, 91,  9, 81, 50, 76, 23, 24, 78, 75, 19, 64, 31, 88, 33,
        89, 92, 34,  7, 98, 83, 17, 46, 28, 30, 48, 10, 77, 94, 84, 36,  2, 70,
        35, 22, 44, 90, 12, 45])
property no 303
Initial sparsity 62
Optimal Sparsity 50
zero indices tensor([62, 28, 29, 30, 31, 35, 41, 43, 45, 46, 48, 49, 50, 56,  1, 63, 66, 67,
        69, 72, 79, 82, 84, 92, 93, 95, 97, 27, 18,  5, 20,  6,  7,  9, 10,  0,
        13, 24])
Indices prune tensor([70, 77,  3, 17, 88, 74, 55,  2, 11, 40, 85, 90])
Remaining indices tensor([65, 89, 59, 25, 36, 15, 38, 73, 47, 75, 57, 52, 34, 39, 78, 23, 76, 54,
        61, 98, 22,  4, 81, 12, 86, 44, 32,  8, 94, 33, 60, 87, 37, 21, 42, 58,
        26, 19, 68, 80, 14, 53, 83, 99, 64, 91, 71, 16, 96, 51])
property no 308
Initial sparsity 61
Optimal Sparsity 54
zero indices tensor([63, 73, 72, 48, 25, 69, 68, 44, 29, 66, 75, 61, 56, 35, 43, 51, 42, 50,
        40, 49, 91, 47,  2,  3, 93,  5,  6,  7, 92,  9, 20, 11, 90, 88, 84, 83,
        17, 46, 79])
Indices prune tensor([15, 77, 95, 10, 80, 34, 99])
Remaining indices tensor([57, 39, 67, 86, 59, 32,  4, 13, 98, 71, 64, 37, 28, 33, 31, 22, 54, 82,
        96, 58, 38, 18, 78, 12, 65, 30, 26, 19, 24, 36, 55, 45, 97,  1, 94, 23,
        85, 21,  0, 74, 27, 16, 89, 52, 70, 81, 76, 87, 62, 60,  8, 53, 41, 14])
property no 310
Initial sparsity 69
Optimal Sparsity 51
zero indices tensor([55, 69, 63, 40, 24, 25, 60, 58, 56, 20, 32, 51, 34, 35, 37, 38, 39, 83,
         1, 98,  3, 42,  5,  6,  7,  8, 91, 11, 13, 14, 75])
Indices prune tensor([59, 84, 22, 54, 49, 73, 53, 62, 85, 70, 87, 61, 16, 27, 94, 79, 29, 44])
Remaining indices tensor([72, 30, 81, 57, 50, 17, 66,  0, 48, 71, 99, 31, 26, 36, 78, 92, 88,  2,
        45, 96, 76, 19, 46, 68, 52, 90, 28, 65, 21, 15, 12, 93, 89, 10, 82, 64,
        80, 67, 74, 41, 18, 95, 86, 47, 23, 33,  4, 77, 43,  9, 97])
property no 311
Initial sparsity 74
Optimal Sparsity 30
zero indices tensor([72, 40, 36, 42, 43, 45, 47, 53, 54, 59, 26, 25, 66, 69, 73, 17, 74, 82,
         2,  3,  4, 12,  5, 85, 87,  6])
Indices prune tensor([35, 99, 22, 46, 20,  1, 95, 55, 15, 96, 90, 51,  9, 65, 39, 41, 52, 49,
        77, 28, 50, 48, 86, 84, 62, 64, 91, 10, 71, 93, 63, 76, 29, 78, 19, 75,
        68, 33, 70, 30, 60, 56, 21, 13])
Remaining indices tensor([27, 24, 98, 18, 67, 23, 58, 31, 81,  8, 88, 44, 97, 57, 80, 32, 94, 16,
        61, 14, 11, 92, 83,  7, 37, 79, 89, 34,  0, 38])
property no 313
Initial sparsity 58
Optimal Sparsity 52
zero indices tensor([65, 32, 34, 35, 36, 37, 39, 40, 42, 45, 54, 55, 56, 60, 63, 50, 66, 68,
        69, 71, 74, 76, 77, 90, 92, 93, 94, 96, 97, 99, 15,  1,  5,  6, 11, 14,
        30, 18, 20, 22, 26, 25])
Indices prune tensor([43, 89, 86,  2, 61, 23])
Remaining indices tensor([81, 49, 82, 72,  8,  0, 58, 19, 85, 83, 17, 29, 53, 78, 73, 95, 31, 70,
        21, 41, 62, 64, 59,  4, 16, 75,  9,  3, 57, 12, 98, 47, 52, 91, 28, 10,
        33, 48, 88,  7, 80, 84, 38, 87, 44, 51, 27, 46, 24, 79, 13, 67])
property no 315
Initial sparsity 56
Optimal Sparsity 28
zero indices tensor([93, 27, 78, 30, 32, 95, 35, 36, 37, 39, 40, 44, 45, 47,  1, 49, 53, 72,
        55, 56, 71, 58, 60, 69, 63, 65, 66, 18, 84, 12,  8, 14,  6,  0, 11, 81,
         5, 20, 21, 22, 23, 97,  2, 83])
Indices prune tensor([42, 46, 94, 67, 51, 54,  9, 28, 43, 24, 10, 76, 68, 16, 62, 26, 57, 38,
        74, 75, 96,  7, 61, 19, 86, 92, 91, 48])
Remaining indices tensor([82, 85, 34, 87, 90, 59,  4, 79, 73, 25,  3, 17, 33, 52, 29, 99, 41, 15,
        13, 89, 31, 77, 98, 50, 70, 80, 88, 64])
property no 316
Initial sparsity 70
Optimal Sparsity 59
zero indices tensor([44, 21, 88, 25, 26, 29, 31, 37, 82, 40, 41, 96, 78, 48, 73, 53, 54, 55,
        69, 67, 66, 20, 91, 10, 18, 93,  6,  2,  5,  4])
Indices prune tensor([71, 19, 74, 65, 56, 28, 17, 13, 43, 83, 76])
Remaining indices tensor([94, 27, 35, 61, 85, 11,  0, 98, 95, 81, 89, 36, 64, 84, 60, 70, 75, 72,
         3, 57, 33, 16, 15,  1, 79, 42, 59, 24,  8, 90, 32, 51, 62, 39, 50, 45,
        63, 14, 52, 92, 58, 86, 22, 46, 49,  7, 97, 34, 68, 12, 30, 99, 23, 77,
         9, 80, 47, 87, 38])
property no 321
Initial sparsity 60
Optimal Sparsity 57
zero indices tensor([41, 75, 24, 25, 74, 28, 73, 31, 33, 69, 68, 66, 27, 62, 57, 56, 46, 48,
        49, 50, 51, 53, 55,  6, 12, 86, 13, 85, 10,  9, 87, 90,  5, 93, 82, 18,
         0, 19, 79, 77])
Indices prune tensor([35, 72, 26])
Remaining indices tensor([23, 30,  1, 63, 76, 43, 29, 60, 89, 16, 96, 22, 65, 70,  7, 92, 11, 34,
        64, 88,  8, 97, 20, 39, 36, 80, 17, 99, 84,  4, 78, 95, 94, 15, 45, 83,
        61, 81,  3,  2, 38, 42, 91, 21, 32, 67, 98, 37, 40, 44, 71, 52, 14, 54,
        59, 47, 58])
property no 330
Initial sparsity 62
Optimal Sparsity 58
zero indices tensor([69, 27, 30, 38, 47, 49, 51, 52, 53, 59, 64, 66, 68, 50, 70, 73, 74, 75,
        77, 82, 90, 92, 93, 94, 98, 99, 25,  1,  3,  5,  6,  8, 10, 12, 13, 17,
        19, 24])
Indices prune tensor([89, 32, 79, 16])
Remaining indices tensor([29, 15, 26, 78, 72, 61, 57, 87, 43,  9, 45, 37, 48, 14, 18, 28, 83, 35,
        62, 34,  0, 33,  7, 86,  4, 23, 41, 84, 97, 31, 81, 80, 21, 91, 46, 20,
        36, 22, 96, 71, 60, 40, 44, 95, 11, 55, 85, 56, 63, 42, 65, 58, 39, 76,
        88, 67, 54,  2])
property no 331
Initial sparsity 62
Optimal Sparsity 26
zero indices tensor([58, 68, 24, 67, 26, 65, 63, 61, 60, 32, 59, 22, 35, 54, 53, 51, 39, 40,
        50, 46, 45, 98,  4,  5,  6,  7,  8,  9, 10, 69, 87, 82, 93, 78, 73, 70,
        19, 20])
Indices prune tensor([41, 57, 38, 92, 33, 94, 30, 23, 31, 79, 95, 36, 42, 11, 90, 99, 81, 47,
        64, 55,  3, 52, 14,  0, 48, 76, 12, 49, 97, 77, 88, 91, 86, 21, 25, 43])
Remaining indices tensor([28, 89, 18, 37, 85, 16, 17, 75, 80, 84, 96,  2, 13, 27, 71, 66, 29,  1,
        74, 15, 56, 34, 44, 83, 72, 62])
property no 333
Initial sparsity 74
Optimal Sparsity 56
zero indices tensor([76, 82, 83, 42, 43, 81, 47, 33, 48, 52, 53, 25, 24, 94, 65, 72,  4,  5,
         6, 69, 68, 95, 66,  3,  2, 13])
Indices prune tensor([44, 90,  0, 27, 67, 11, 45, 21,  9, 93, 99, 40, 74, 97, 19, 32, 30, 51])
Remaining indices tensor([ 7, 80, 57, 16, 77, 58, 29, 63, 61, 15, 17, 73, 46, 54,  8, 71, 64, 41,
        98, 84, 92, 87, 78, 22, 75, 10, 50, 35, 55, 12, 79, 56, 96, 18, 89, 85,
        62, 86, 26, 36, 14, 70, 20, 31,  1, 91, 23, 88, 38, 60, 59, 49, 34, 39,
        28, 37])
property no 334
Initial sparsity 69
Optimal Sparsity 63
zero indices tensor([49, 18, 20, 62, 59, 54, 53, 50, 27, 63, 48, 45, 32, 33, 44, 43, 40, 37,
        83, 93,  3, 86,  5,  6,  7, 85, 79, 78, 73, 69, 16])
Indices prune tensor([23, 46, 24, 52,  1, 19])
Remaining indices tensor([51, 96, 13,  9, 90, 21, 61, 28, 98, 72,  4, 10, 64,  2, 68, 92, 88, 77,
        29, 60, 14, 67, 39, 76, 38, 11, 41, 57, 42, 82,  8,  0, 94, 34, 81, 12,
        22, 55, 74, 84, 35, 17, 71, 31, 30, 99, 66, 91, 75, 87, 58, 80, 56, 26,
        97, 47, 65, 95, 36, 25, 70, 15, 89])
property no 337
Initial sparsity 67
Optimal Sparsity 56
zero indices tensor([54, 69, 24, 25, 63, 61, 58, 56, 55, 32, 99, 34, 35, 53, 51, 38, 39, 40,
        49, 43, 75, 93,  5,  6,  7, 90, 10, 11, 87, 13, 14, 83, 82])
Indices prune tensor([44, 47, 89, 86,  8,  0, 65, 18, 52,  3, 64])
Remaining indices tensor([78, 27, 96, 37, 50, 28, 36, 97, 26, 81, 19, 42, 80, 60,  2, 73, 74, 92,
        29, 77, 88, 57, 45, 98, 46, 48, 67, 30, 68, 16, 31, 22, 33, 84, 71, 15,
        12, 20,  4, 21, 95, 70, 41, 91, 79, 72, 66, 23, 17, 59, 85,  9, 62,  1,
        94, 76])
property no 338
Initial sparsity 57
Optimal Sparsity 13
zero indices tensor([59, 74, 72, 69, 65, 63, 62, 29, 30, 60, 32, 22, 58, 35, 55, 37, 54, 39,
        40, 51, 42, 47, 11,  1, 98, 97, 96,  5,  6,  7,  8, 94, 91, 87, 82, 14,
        15, 81, 78, 76, 75, 20, 21])
Indices prune tensor([28, 71,  9, 57, 66, 77, 53, 88, 43, 92, 89,  2, 12, 13, 44,  4, 90, 41,
         0, 56, 23, 83, 10, 49, 26, 80, 36, 50, 19, 52, 73, 70, 46, 61, 86, 24,
        34, 33, 17, 95, 48, 25, 93, 18])
Remaining indices tensor([85, 31, 38, 67, 27, 99, 16, 64, 84, 45, 68, 79,  3])
property no 339
Initial sparsity 64
Optimal Sparsity 38
zero indices tensor([36, 76, 74, 72, 27, 71, 29, 69, 32, 33, 68, 64,  1, 37, 63, 57, 55, 43,
        46, 47, 48, 53,  0, 86,  7, 93,  6,  5, 88, 13, 84, 16,  2, 17, 83, 20])
Indices prune tensor([75, 35, 61, 28, 94, 92, 50, 60, 15, 14, 24, 41, 45, 65, 52, 18, 23, 56,
        22, 25, 59, 77, 73, 81, 99, 87])
Remaining indices tensor([49, 42, 62,  9, 95, 90, 21, 31, 51, 66, 58,  3, 26, 54, 98, 89, 70,  8,
        12, 40,  4, 67, 19, 78, 38, 79, 44, 34, 96, 97, 91, 11, 30, 80, 82, 85,
        10, 39])
property no 344
Initial sparsity 71
Optimal Sparsity 18
zero indices tensor([28, 71, 69, 66, 22, 64, 63, 25, 58, 78, 55, 54, 51, 40, 34, 35, 38,  9,
        99,  2, 98,  5,  6,  7, 97, 96, 93, 91, 83])
Indices prune tensor([39, 77, 61, 75, 90, 24, 46, 82, 43, 86, 94, 88, 14, 10, 60, 27, 52, 80,
        47, 84, 79, 36, 29, 41, 16, 19, 15, 68, 31, 65, 74,  4, 17, 67, 89,  3,
        59, 62, 30, 42, 50, 53, 18, 33, 56, 92, 72, 32, 44,  0, 11, 95, 13])
Remaining indices tensor([12, 45, 23, 85, 70, 37, 76, 26, 57, 81,  8, 21, 49,  1, 73, 87, 20, 48])
property no 345
Initial sparsity 60
Optimal Sparsity 56
zero indices tensor([65, 74, 22, 73, 27, 68, 29, 30, 67, 66, 33, 69, 62, 60, 57, 40, 56, 43,
        53, 48, 50, 79,  0, 97,  3,  4,  5,  6, 93, 92, 90, 10, 89, 13, 20, 82,
        85, 86, 87, 88])
Indices prune tensor([ 8, 17, 41, 99])
Remaining indices tensor([84, 25, 35, 75, 11, 98, 78, 38, 34, 96, 54, 19, 24, 45, 72, 49,  9, 52,
        80, 71, 31, 47, 59, 76, 39, 64, 32,  2, 42, 15,  1, 44, 18, 14, 12, 81,
        23, 46, 51, 83, 77, 63, 21, 16, 28, 94, 70, 26, 37, 95, 61, 58, 36,  7,
        55, 91])
property no 348
Initial sparsity 64
Optimal Sparsity 34
zero indices tensor([50, 67, 21, 56, 24, 25, 51, 27, 28, 19, 49, 48, 44, 34, 35, 36, 40, 38,
        10,  0, 98, 94, 93,  5,  6, 92, 87, 83, 18, 77, 75, 13, 74, 69, 68, 17])
Indices prune tensor([82, 64, 47, 53, 60, 63, 88, 39, 29, 90, 80, 12, 84, 33, 30, 91, 72,  3,
        70, 41, 78, 59, 54, 23, 85, 22, 71, 65, 14, 79])
Remaining indices tensor([ 4, 57,  2, 20, 55, 61, 96, 15, 81, 86, 16, 43, 66, 97,  8, 42, 26, 45,
        52, 32, 62,  7, 89,  9, 31, 95, 73,  1, 99, 11, 46, 58, 37, 76])
property no 351
Initial sparsity 80
Optimal Sparsity 45
zero indices tensor([36, 73, 54, 20, 23, 26, 29, 33, 74, 69, 38, 42, 79, 44, 46, 47, 48, 62,
         6,  5])
Indices prune tensor([14, 87,  8, 43,  2, 95, 35, 66, 60, 13, 67, 86, 53, 75, 30, 32, 94, 80,
        84, 15, 18, 28, 91, 34, 22, 70, 72, 61, 81, 21,  0, 39, 56, 51, 92])
Remaining indices tensor([59, 71, 93,  7, 82, 83, 77, 89, 37, 98, 40, 63, 96, 55, 78,  1, 97, 49,
        45, 16, 58, 10, 19, 99, 65, 31,  4, 64, 17, 27, 76, 57, 12, 68, 11, 24,
        85, 50,  3, 25, 52, 41, 90, 88,  9])
property no 353
Initial sparsity 56
Optimal Sparsity 35
zero indices tensor([60, 32, 35, 37, 38, 39, 40, 47, 49, 50, 51, 54, 55, 56, 58,  1, 65, 67,
        69, 73, 74, 78, 79, 81, 87, 91, 93, 95, 97, 98, 11, 20, 21, 22, 23, 15,
        14, 24, 27,  8, 28,  0,  6,  5])
Indices prune tensor([68, 45, 63, 88, 48, 86, 84, 75, 33, 16, 12, 80, 64, 62, 59, 30, 89, 72,
        13, 46,  4])
Remaining indices tensor([31, 36, 70,  2, 44, 19,  7, 77, 18, 85, 99, 29, 71, 94, 26, 17, 90, 25,
        66, 82, 92, 41, 61, 43, 57, 83, 34, 52, 96, 76,  9, 10, 42,  3, 53])
property no 362
Initial sparsity 65
Optimal Sparsity 5
zero indices tensor([51, 19, 59, 21, 58, 24, 25, 55, 53, 18, 50, 30, 49, 32, 43, 34, 35, 38,
        74, 98, 93, 90, 87,  5,  6, 86, 77, 75, 71, 69, 13, 14, 62, 61, 17])
Indices prune tensor([54, 85, 63, 94, 16, 78, 66, 52,  2,  7, 41, 27, 70, 26, 56, 33, 79, 39,
        67, 29, 89, 60, 40, 22, 84, 80, 28, 10, 81,  3, 68,  4, 76, 88, 23, 48,
        31, 99, 45, 57, 47, 95, 36, 15,  9, 64, 96, 20, 42, 82,  8, 46, 83,  1,
         0, 72, 97, 44, 73, 92])
Remaining indices tensor([37, 12, 91, 11, 65])
property no 369
Initial sparsity 71
Optimal Sparsity 67
zero indices tensor([48, 63, 66, 36, 31, 69, 37, 38, 75, 25, 53, 40, 41, 21, 19, 83, 94,  2,
         4,  5,  6, 47, 50, 93, 11, 91, 87, 44, 16])
Indices prune tensor([86, 97, 62, 32])
Remaining indices tensor([15, 27, 51,  7, 33, 64, 70, 54, 89, 52,  0, 77, 60, 39, 72, 24, 30, 35,
        22, 12, 65, 73, 17, 71, 55, 68, 95, 88, 49,  1, 29, 96, 92, 90,  3,  9,
        18, 61, 84, 42, 57, 58, 59, 45, 78, 76, 14, 46, 85, 99, 13, 34, 26, 43,
        67, 80, 28, 74, 10, 56, 23, 79, 98, 81, 20,  8, 82])
property no 371
Initial sparsity 58
Optimal Sparsity 41
zero indices tensor([39, 26, 73, 28, 72, 30, 32, 71, 35, 69, 65, 78, 60, 41, 59, 43, 58, 45,
        47, 57, 55, 53, 92, 99,  2, 93,  4,  5,  6,  7,  8, 10, 11, 12, 22, 90,
        88, 84, 18, 83, 20, 82])
Indices prune tensor([17, 79, 66, 21, 81, 38, 19, 75, 15, 95, 77,  3,  0, 16, 37, 23,  1])
Remaining indices tensor([98, 63, 44, 74, 48, 40, 51, 46, 97, 61, 76, 85, 96, 34, 80,  9, 52, 31,
        91, 94, 36, 13, 24, 49, 67, 87, 64, 14, 70, 54, 50, 29, 62, 89, 33, 56,
        27, 25, 42, 68, 86])
property no 372
Initial sparsity 70
Optimal Sparsity 33
zero indices tensor([69, 73, 19, 58, 21, 72, 70, 24, 25, 39, 68, 29, 63, 61, 32, 59, 34, 75,
        45, 93,  4,  5,  6, 53,  9, 54, 82, 13, 79, 78])
Indices prune tensor([ 0, 23, 60, 31, 64, 33,  7, 22, 85, 16, 49, 97,  3, 37, 14, 28, 44, 56,
        40, 92, 99, 90, 35, 55,  2, 91,  8, 17, 48, 18, 77, 80, 65, 43, 87, 47,
        67])
Remaining indices tensor([94, 41, 89, 36, 38, 26,  1, 46, 51, 71, 84, 30, 96, 42, 62, 95, 57, 10,
        11, 88, 15, 98, 76, 66, 83, 20, 50, 74, 12, 27, 52, 86, 81])
property no 374
Initial sparsity 58
Optimal Sparsity 49
zero indices tensor([59, 74, 73, 72, 69, 63, 27, 28, 29, 30, 62, 98, 33, 57, 54, 36, 53, 38,
        50, 48, 46, 43, 75,  2,  3,  4,  5,  6,  7, 94, 93, 10, 92, 86, 13, 85,
        81, 80, 17, 79, 78, 21])
Indices prune tensor([82, 84, 23, 76, 99, 37, 52, 19, 26])
Remaining indices tensor([70, 61, 11, 77,  8, 49, 20, 14, 95, 96, 18, 16, 90, 39, 65, 44, 56, 97,
        34, 32, 60, 71,  0, 12, 51, 15, 64, 31, 67, 45, 89, 68,  1, 35, 83, 91,
        22, 40, 58, 87, 25, 24,  9, 47, 42, 88, 66, 55, 41])
property no 375
Initial sparsity 69
Optimal Sparsity 4
zero indices tensor([63, 40, 45, 32, 30, 53, 28, 27, 54, 25, 56, 58, 59, 61, 62, 64,  8,  1,
        98,  3,  5,  6, 91, 67, 86, 10, 84, 79, 78, 14, 69])
Indices prune tensor([52, 57, 17, 47, 74, 80, 33, 65, 35, 68, 66, 77, 19, 73, 37, 15,  9, 72,
         7, 51, 31, 26, 22, 76, 89, 46, 55, 23, 94,  2, 12, 96, 43, 42, 11, 44,
        36, 92, 88, 85, 18, 24,  0, 70, 49, 20, 38, 83, 71, 81, 48, 75, 99, 41,
        50, 13,  4, 93, 21, 34, 82, 29, 90, 95, 87])
Remaining indices tensor([60, 39, 16, 97])
property no 379
Initial sparsity 78
Optimal Sparsity 18
zero indices tensor([33, 24, 26, 69, 75, 66, 79, 16, 82, 64, 13, 12, 53, 47, 90, 93,  6,  5,
         4, 43,  2, 99])
Indices prune tensor([61, 44, 39,  1, 56, 84, 18, 11, 48, 42, 21, 49, 31, 70, 54,  8, 40, 35,
        58, 92, 63, 86, 32, 94, 22, 88, 95, 73, 67, 29, 80,  7, 97, 62, 15, 23,
        57,  3,  0, 85, 60, 20, 52, 14, 96, 25, 51, 68, 27, 50, 55, 65, 45, 37,
        72, 30, 89, 34, 59, 10])
Remaining indices tensor([46, 98, 71, 28, 91, 78, 74, 81, 76, 87, 17, 19, 83, 77,  9, 36, 38, 41])
property no 381
Initial sparsity 66
Optimal Sparsity 54
zero indices tensor([72, 81, 19, 20, 21, 43, 39, 77, 37, 82, 27, 55, 71, 69, 31, 32, 35, 34,
         9, 53, 97, 93, 51,  5,  6,  7, 58, 10, 11, 60, 13, 47, 61, 63])
Indices prune tensor([16, 26, 92, 90, 57, 80, 52, 99, 94, 41, 91, 25])
Remaining indices tensor([88, 73, 15, 12, 45, 17,  8,  0, 75, 14, 28, 38, 49, 67, 18, 95, 29, 56,
        66, 48, 36, 46, 79, 23, 87, 98, 30, 42, 65,  3, 70, 78, 59, 89,  1, 83,
        62,  2, 96, 86, 44, 74, 50, 84,  4, 40, 33, 64, 76, 22, 54, 68, 24, 85])
property no 382
Initial sparsity 56
Optimal Sparsity 53
zero indices tensor([68, 78, 76, 29, 30, 73, 32, 72, 71, 35, 70, 69, 27, 39, 65, 64, 63, 45,
        60, 57, 49, 56, 53, 55, 80,  2, 97, 96,  5,  6, 93,  8, 92, 10, 11, 12,
        91, 15, 16, 23, 14, 90, 18, 20])
Indices prune tensor([95, 47, 82])
Remaining indices tensor([ 3, 37, 85, 52, 54, 87, 66,  7, 50, 34, 22, 24, 36, 62, 58, 13, 43, 77,
        25, 51, 31, 98, 79, 48, 86, 89, 33, 99, 46,  4,  0, 84, 28, 67,  1, 88,
        21, 74, 61, 41, 81, 44,  9, 19, 38, 40, 94, 59, 17, 26, 75, 83, 42])
property no 386
Initial sparsity 71
Optimal Sparsity 52
zero indices tensor([50, 23, 90, 88, 27, 29, 32, 37, 38, 40,  0, 79, 53, 54, 78, 62, 63, 73,
        67, 69, 20,  9,  7, 10,  6, 12,  5,  3, 91])
Indices prune tensor([96, 16, 93, 61, 33, 86, 81, 45, 46, 11, 59, 31, 26, 18, 55, 28, 39, 15,
        49])
Remaining indices tensor([60, 83, 74, 75,  1, 57, 89, 85, 25, 41, 76, 21, 48, 70, 34, 43, 98, 17,
        77, 99, 56, 35, 22, 72,  4, 94, 95, 58, 47, 82,  8, 92, 65, 42, 14, 84,
        44, 30, 80, 19, 51,  2, 97, 24, 87, 66, 64, 36, 71, 13, 52, 68])
property no 390
Initial sparsity 70
Optimal Sparsity 1
zero indices tensor([75, 84, 85, 83, 36, 38, 25, 40, 43, 91, 21, 46, 82, 79, 54, 93, 59, 13,
        73, 63, 64, 98,  8,  7,  6,  5, 72, 66,  2, 69])
Indices prune tensor([99, 89, 23, 67,  0, 81, 19, 14, 94, 28,  3, 57, 41, 44, 68, 11, 37, 31,
        47, 95, 22, 77, 39, 97, 17, 88, 30, 45, 26,  9, 55, 20, 49, 86, 12, 74,
        65, 58, 52, 70, 60, 61, 51, 92, 10, 16, 35, 71, 87, 76, 96, 78, 29, 53,
        34,  4, 24,  1, 48, 27, 50, 15, 42, 32, 80, 18, 56, 33, 62])
Remaining indices tensor([90])
property no 392
Initial sparsity 75
Optimal Sparsity 71
zero indices tensor([47, 25, 28, 29, 80, 32, 36, 74, 83, 17, 16, 43, 69, 12, 48, 87, 50, 88,
        52,  6,  5, 53,  3,  2, 59])
Indices prune tensor([30, 20, 91, 60])
Remaining indices tensor([41,  4, 54, 18, 97, 67, 64, 13, 93, 42, 55, 84, 76, 72, 44, 92, 56,  7,
        35, 38, 81, 26, 71, 27,  8, 15, 99, 22, 24,  1, 37, 89, 73, 23, 31,  9,
        82, 85, 40, 78, 10, 11, 58, 62, 95, 49, 86, 19, 57, 70, 79, 65, 45, 77,
        75, 68, 63, 94, 98, 14, 34, 33, 66, 21, 90, 46,  0, 96, 39, 51, 61])
property no 394
Initial sparsity 62
Optimal Sparsity 42
zero indices tensor([72, 84, 27, 83, 29, 30, 81, 37, 40, 77, 47, 73,  1, 71, 55, 57, 58, 69,
        60, 62, 63, 64, 66, 67, 95,  2, 93, 88, 20, 86,  4,  9, 91,  5,  8,  7,
        90,  6])
Indices prune tensor([48, 45, 26, 36, 46, 12, 70, 75, 61, 82, 68, 14, 41, 65, 97, 32,  0, 15,
         3, 43])
Remaining indices tensor([92, 59, 52, 10, 19, 44, 96, 39, 22, 42, 94, 56, 99, 16, 50, 80, 38, 98,
        79, 11, 18, 33, 31, 28, 74, 76, 35, 87, 25, 85, 34, 51, 49, 23, 13, 54,
        24, 17, 53, 78, 21, 89])
property no 395
Initial sparsity 74
Optimal Sparsity 71
zero indices tensor([45, 24, 25, 85, 83, 79, 40, 42, 43, 44, 33, 46, 48, 49, 53, 60, 62, 69,
        68, 95, 94, 12,  6, 13,  5, 93])
Indices prune tensor([81, 87, 41])
Remaining indices tensor([10, 11, 97,  8,  7, 96, 57, 90, 52, 54, 38, 36, 78, 15, 82, 14, 74, 27,
        21, 65, 35, 91, 32, 47, 73, 18, 34, 76, 19, 50, 29,  0, 66, 23, 31, 28,
        80, 99, 77, 88, 71, 70, 64, 26,  3, 98,  9, 56, 51, 86, 89, 59, 22, 92,
        55, 63, 37,  4, 61, 16, 84, 58, 30,  2, 72,  1, 20, 17, 39, 75, 67])
property no 400
Initial sparsity 60
Optimal Sparsity 27
zero indices tensor([34, 60, 24, 25, 27, 84, 91, 90, 31, 32, 58, 23, 57, 36, 37, 88, 54, 53,
        42, 43, 52, 48, 70, 77, 78,  3, 81,  5,  6,  7, 71,  9, 63, 69, 13, 82,
        16, 93, 19, 20])
Indices prune tensor([15, 11, 49, 95, 98, 51, 14, 28, 59, 46, 87, 10, 50,  8, 96, 55, 61, 22,
        73, 79, 72,  0, 99, 85, 21,  2, 45, 65, 12, 75, 18, 92, 39])
Remaining indices tensor([29, 40, 97, 56, 80, 47, 68, 33, 86, 41, 89, 67, 17, 76,  1,  4, 38, 35,
        26, 74, 44, 64, 83, 30, 94, 66, 62])
property no 402
Initial sparsity 75
Optimal Sparsity 57
zero indices tensor([81, 47, 40, 53, 37, 32, 68, 69, 72, 79, 82, 21, 20, 19, 84, 93,  5,  6,
         7,  4, 11, 12, 13, 91,  2])
Indices prune tensor([34, 97, 73, 56, 54, 36, 74, 15, 46, 25, 76, 88, 70, 57, 75, 28, 71, 27])
Remaining indices tensor([98, 26, 60, 51, 83, 63, 14, 67, 94, 45, 99, 95,  1, 22, 90,  3, 59, 16,
        48,  9, 77, 30, 41, 61, 87, 80, 23, 78, 66, 10, 85, 29, 43, 65, 17, 58,
        92, 49, 33,  8, 96, 31, 38, 55,  0, 39, 86, 35, 42, 52, 89, 18, 44, 64,
        62, 24, 50])
property no 403
Initial sparsity 62
Optimal Sparsity 35
zero indices tensor([54, 69, 65, 63, 61, 60, 25, 59, 58, 55, 72, 51, 45, 32, 43, 34, 35, 40,
        39, 38, 88,  1, 97, 96,  4,  5,  6,  7, 93, 91, 11, 81, 13, 14, 78, 16,
        17, 77])
Indices prune tensor([46, 74, 30, 44, 90, 26, 95, 67, 50, 42, 89, 92, 19, 87, 86,  0, 73, 23,
        82, 62, 47,  3, 29, 12, 94, 52,  8])
Remaining indices tensor([79, 10, 18, 31, 83, 22, 21, 76, 80, 57, 56, 37, 20, 48, 71, 66, 28, 15,
        64, 85, 99,  2, 84, 53, 75, 68,  9, 41, 49, 27, 98, 70, 36, 24, 33])
property no 404
Initial sparsity 62
Optimal Sparsity 58
zero indices tensor([54, 27, 30, 31, 32, 84, 37, 38, 83, 40, 41, 53, 36, 55, 57, 58, 76, 60,
        63, 64, 69, 70, 72, 11, 23,  9,  8,  7,  6, 13, 14, 91,  5, 93,  4,  3,
         2, 88])
Indices prune tensor([67, 50, 29, 20])
Remaining indices tensor([19, 99, 46, 78, 82, 90, 80, 87, 98, 45, 26, 51, 86, 22, 89, 75, 61, 21,
        34, 52, 24, 62, 12, 25, 95, 18, 16, 79, 68, 73, 43,  0, 56, 49, 66, 35,
        42, 33, 97, 77, 59, 10, 39, 28, 85, 17, 65, 92, 44, 74, 15, 48, 71,  1,
        96, 94, 81, 47])
property no 406
Initial sparsity 63
Optimal Sparsity 24
zero indices tensor([69, 29, 30, 32, 35, 38, 39, 45, 48, 50, 51, 56, 65, 66,  1, 74, 75, 78,
        79, 80, 82, 90, 92, 93, 96, 97, 98, 17, 26, 25, 15,  2, 14,  5,  6, 20,
        11])
Indices prune tensor([ 4, 40,  8, 68, 84, 53, 44, 94, 10, 86, 72, 21, 77, 76, 16, 28, 88, 33,
        27, 70, 58, 13, 55, 67, 42, 91, 60,  3, 23, 19, 64, 52,  7, 43, 34, 36,
        41, 49, 89])
Remaining indices tensor([61, 24, 47, 18, 95, 37, 59, 31, 22,  0, 46, 99, 85, 81, 63, 62, 83,  9,
        12, 73, 54, 57, 71, 87])
property no 407
Initial sparsity 65
Optimal Sparsity 62
zero indices tensor([52, 58, 21, 68, 55, 27, 90, 30, 53, 32, 69, 78, 77, 51, 40, 50, 49, 70,
        47, 45, 10, 66, 97,  4,  5,  6, 93, 63, 67, 61, 13, 14, 60, 59, 18])
Indices prune tensor([42, 26, 41])
Remaining indices tensor([29, 38,  0,  9, 56, 43, 76, 75, 88, 86, 72, 37, 80, 83, 95,  7, 89, 44,
        15, 57, 35, 99, 22, 85, 39, 98, 91, 79,  8, 20, 62, 19,  3, 71, 48, 11,
        82, 92, 17,  1, 74, 46, 16, 23, 65, 33, 81, 34,  2, 73, 84, 87, 12, 24,
        96, 54, 25, 64, 28, 36, 94, 31])
property no 408
Initial sparsity 68
Optimal Sparsity 48
zero indices tensor([39, 88, 24, 76, 75, 32, 69, 34, 35, 38, 25, 65, 64, 63, 58, 56, 55, 51,
         0, 11, 99, 96,  5,  6,  7,  8, 94, 90, 93, 18, 92, 16])
Indices prune tensor([14, 20, 33, 43, 67, 26,  4, 71, 85, 97, 77, 49, 73, 10, 89, 91, 48, 37,
        84, 87])
Remaining indices tensor([47, 83, 62, 57, 31, 79, 68, 12, 40, 53, 42, 41,  9, 13, 45, 81, 29, 17,
        78, 15, 50, 23, 80, 52, 86, 21, 66,  3, 98,  2, 70, 27, 95, 54, 46, 59,
        44, 19, 72, 22, 28, 82, 36, 30, 74, 60,  1, 61])
property no 409
Initial sparsity 60
Optimal Sparsity 60
zero indices tensor([32, 22, 56, 24, 57, 69, 67, 65, 30, 31, 21, 64, 34, 35, 63, 37, 60, 39,
        40, 58, 11, 99,  2, 97, 96,  5,  6,  7,  8, 93, 10, 20, 51, 83, 82, 81,
        16, 78, 18, 55])
Indices prune tensor([], dtype=torch.int64)
Remaining indices tensor([71, 13,  9, 48, 25, 92, 80,  0, 41, 44, 91, 19, 53, 23, 66, 68, 36, 17,
        27, 73, 94, 84, 52, 54, 62,  1, 77, 45, 61, 76, 79, 26, 87, 28, 46, 74,
        42, 70,  3, 88, 43, 72, 89, 59, 12, 29, 85, 33, 95, 38,  4, 49, 75, 14,
        98, 47, 86, 50, 90, 15])
property no 410
Initial sparsity 68
Optimal Sparsity 8
zero indices tensor([36, 20, 22, 71, 69, 64, 32, 33, 34, 35, 73, 37, 58, 54, 42, 53, 45, 46,
        48, 83,  1,  2, 96,  5,  6,  7, 91, 90, 13, 18, 16, 78])
Indices prune tensor([52, 11, 82, 40, 14, 41, 99, 89, 24, 62, 77, 50, 97, 68, 98, 28, 56, 85,
        92, 95, 15, 86, 23, 79, 87,  3,  4, 43, 29, 88, 25, 93, 49, 84, 19, 59,
        66, 74, 51, 31, 67, 75, 65, 94, 76,  8, 47, 80, 39, 55, 81, 30, 26, 17,
        10, 44,  0, 61, 72, 60])
Remaining indices tensor([21, 70, 38, 12,  9, 63, 27, 57])
property no 413
Initial sparsity 77
Optimal Sparsity 48
zero indices tensor([73, 43, 44, 48, 53, 59, 34, 33, 63, 64, 27, 69, 71, 74, 20, 78, 99,  3,
        13,  5,  6, 12,  7])
Indices prune tensor([72, 11, 37, 86, 41, 76, 97, 40, 68, 80, 52,  9, 14, 75, 83, 79, 70, 91,
        31, 87, 10, 89, 93, 55, 57, 18, 66,  0, 38])
Remaining indices tensor([ 1, 54, 25, 28, 30, 82, 26, 65, 90, 60, 24, 29, 98, 46, 23, 81,  2, 47,
        22, 36, 85, 77, 17, 58,  8, 96, 21, 35, 19, 94, 50, 39, 42, 16, 15, 88,
        61, 62, 92, 51, 95, 45, 84,  4, 32, 67, 49, 56])
property no 414
Initial sparsity 57
Optimal Sparsity 49
zero indices tensor([69, 29, 31, 32, 35, 36, 37, 38, 46, 50, 55, 57, 64, 65, 66,  1, 70, 71,
        74, 75, 76, 78, 82, 83, 84, 85, 88, 93, 97, 28, 17, 16, 19, 11,  9, 20,
         8,  7,  6,  5,  2,  3, 25])
Indices prune tensor([43, 51, 80, 21, 53, 54, 41, 68])
Remaining indices tensor([48, 62, 90, 34, 91,  0, 13, 86, 94, 59, 42, 73, 99, 61, 77, 39, 12, 52,
        79, 27, 95, 22, 44, 89, 96, 23, 15, 56, 49, 26, 10, 67, 58, 14, 87, 47,
        30, 81, 18, 33,  4, 72, 60, 92, 63, 98, 45, 24, 40])
property no 415
Initial sparsity 67
Optimal Sparsity 66
zero indices tensor([53, 69, 64, 63, 61, 58, 55, 25, 27, 19, 29, 49, 32, 34, 35, 43, 37, 38,
         9,  1, 98, 93,  5,  6,  7, 82, 70, 10, 78, 13, 14, 74, 71])
Indices prune tensor([73])
Remaining indices tensor([15, 67, 17, 66, 84, 51, 88, 95, 90,  0, 65, 42, 44, 26, 87, 83, 96, 23,
        91, 41, 50, 54, 62, 94, 52, 60, 72, 59, 11, 22, 33, 80, 24, 97, 79, 31,
        40, 77, 75, 36, 68, 16, 46, 12, 81, 76, 18, 89, 28, 20, 30, 47, 39, 56,
        92, 21, 86,  2, 85,  4,  8, 57,  3, 45, 99, 48])
property no 417
Initial sparsity 62
Optimal Sparsity 5
zero indices tensor([31, 69, 68, 66, 25, 64, 27, 63, 29, 30, 71, 53, 50, 35, 48, 37, 38, 43,
        40, 42, 86,  3,  4,  5,  6, 98,  8, 93, 91, 85, 13, 84, 83, 78, 75, 74,
        19,  2])
Indices prune tensor([62, 92, 36, 61, 73, 26, 57, 32, 97, 47, 14, 16, 34, 23, 44, 72, 80, 95,
        46, 76, 15, 11, 24, 87,  0, 17,  9, 79, 89, 22, 28, 41, 51, 10, 54, 90,
        67, 94, 56, 39, 59,  7, 18, 52, 70, 60, 96, 58, 12, 65, 45, 77,  1, 99,
        81, 82, 33])
Remaining indices tensor([21, 55, 88, 49, 20])
property no 419
Initial sparsity 71
Optimal Sparsity 64
zero indices tensor([37, 72, 23, 71, 69, 68, 28, 31, 32, 33, 93, 63, 62, 61, 60, 43, 59, 45,
        54, 53, 19,  3, 18, 73,  5, 78,  6,  8,  9])
Indices prune tensor([55, 85, 50, 48, 90, 22, 64])
Remaining indices tensor([94, 14, 99, 47, 95, 58, 57, 34, 15, 24, 65, 35, 29,  1, 87,  2, 79, 66,
        97, 10, 51, 13, 88, 77, 83, 91, 67, 89, 30, 26, 92, 21, 81, 12, 40, 75,
        38, 49, 84, 80, 86, 96, 76, 98, 44, 16, 46, 41, 27, 56, 74,  4, 36, 17,
         0, 25,  7, 20, 82, 11, 52, 70, 42, 39])
property no 420
Initial sparsity 62
Optimal Sparsity 8
zero indices tensor([53, 25, 27, 85, 31, 33, 80, 37, 41, 78, 48, 49, 76, 81, 75, 55, 56, 57,
        59, 73, 63, 64, 68, 69, 70,  2, 93, 13, 92, 95, 10,  9,  7,  6, 89,  5,
         4, 98])
Indices prune tensor([96, 87,  1, 67, 42, 18, 29, 22, 54, 66, 26, 90, 94, 45, 83, 23, 14,  8,
        97, 52, 77, 43, 88, 62, 79, 34, 72, 32, 19, 44, 40, 47, 86, 24, 91, 71,
        65, 74, 50, 58, 60, 61, 16, 99, 46, 20, 30, 38,  0, 11, 82, 21, 51, 28])
Remaining indices tensor([35, 12,  3, 36, 84, 17, 15, 39])
property no 429
Initial sparsity 62
Optimal Sparsity 48
zero indices tensor([42, 25, 84, 27, 83, 82, 81, 77, 35, 36, 37, 40, 32, 69, 47, 49, 53, 55,
        68, 58, 60, 66, 65,  8, 11, 23,  5, 93, 15, 16,  6, 95, 87, 19, 97, 21,
        22,  1])
Indices prune tensor([78, 73, 98, 59, 41, 91, 50, 75,  9, 56, 18,  3, 20, 33])
Remaining indices tensor([ 2, 26, 30, 86, 74, 17,  7, 79, 70, 24, 48, 85,  0, 72, 44, 38, 92, 89,
        80, 96, 12, 14, 99,  4, 94, 10, 45, 54, 90, 88, 39, 31, 76, 71, 51, 13,
        46, 28, 34, 64, 62, 29, 57, 67, 52, 61, 63, 43])
property no 440
Initial sparsity 66
Optimal Sparsity 23
zero indices tensor([30, 82, 19, 72, 69, 25, 27, 28, 65, 21, 64, 32, 58, 53, 50, 47, 40, 43,
        91, 98,  2,  3, 93,  5,  6,  7,  8, 17, 88, 11, 87, 13, 83, 16])
Indices prune tensor([39, 85, 56, 84, 63,  0, 71, 15, 89, 35, 45, 68, 29, 73, 46, 42, 12, 18,
        96, 55, 41, 26, 33, 62, 14, 36, 95,  4, 90, 20, 70, 60, 77, 48, 78, 24,
        54, 61, 75, 22, 76, 38, 81])
Remaining indices tensor([59, 49, 67, 51, 86, 92, 44,  9, 31, 79, 57, 66, 94, 97, 37, 99, 74, 23,
        52, 10, 80,  1, 34])
property no 442
Initial sparsity 62
Optimal Sparsity 48
zero indices tensor([32, 71, 69, 64, 25, 26, 27, 28, 29, 63, 31,  1, 33, 61, 60, 59, 57, 39,
        55, 53, 47, 19, 98, 93, 92,  5,  6,  7, 86,  9, 84, 82, 13, 14, 78, 74,
        73, 20])
Indices prune tensor([49, 95, 11, 15, 12, 65, 48, 88, 66, 94, 81, 54, 80, 45])
Remaining indices tensor([ 8, 89, 21, 38, 24, 23, 17,  2, 10, 97, 76, 62,  3, 85, 43, 51, 68, 90,
        42, 79,  4, 22, 87, 30, 50, 99, 44, 70, 16, 91, 72, 96, 36,  0, 67, 41,
        35, 40, 83, 18, 77, 56, 37, 34, 52, 58, 75, 46])
property no 447
Initial sparsity 55
Optimal Sparsity 7
zero indices tensor([64, 34, 35, 38, 39, 40, 41, 45, 49, 51, 54, 55, 56, 59, 60, 63,  1, 65,
        69, 74, 75, 76, 77, 81, 91, 92, 93, 94, 96, 97, 98, 99, 14,  8,  7, 25,
         6, 20, 11,  5, 18, 17, 15, 30, 32])
Indices prune tensor([79, 95, 12, 33, 19, 13, 84, 78, 62, 85, 22, 52, 68,  2, 46, 28, 87, 70,
        80, 61, 36, 44, 83, 16, 90, 57, 48, 37, 73, 21, 53, 24, 89, 88, 47, 27,
        31,  3, 26, 58,  0, 82, 86, 42, 71, 10, 67, 72])
Remaining indices tensor([43,  9, 29, 66, 50, 23,  4])
property no 448
Initial sparsity 69
Optimal Sparsity 45
zero indices tensor([69, 27, 32, 34, 40, 43, 47,  0, 53, 62, 65, 68, 50, 73, 74, 78, 79, 83,
        87, 89, 93, 94, 99,  1, 15, 18, 19,  6,  5, 20, 21])
Indices prune tensor([84, 91, 51, 45,  3, 92, 23, 48, 60, 66, 39, 31, 24, 56, 42, 52, 97, 64,
        25, 16, 81, 96, 29, 46])
Remaining indices tensor([57,  4, 75, 10, 36, 82, 85,  9, 80, 58, 13, 55, 14, 37, 22,  2, 72, 90,
        12, 30,  7, 41, 17, 33, 95, 76, 59, 26, 88, 35,  8, 61, 49, 28, 77, 86,
        54, 38, 70, 71, 63, 44, 98, 11, 67])
property no 452
Initial sparsity 65
Optimal Sparsity 64
zero indices tensor([75, 25, 87, 27, 86, 31, 82, 34, 35, 38, 78, 41, 84, 43, 45, 74, 73, 50,
        72, 69, 67, 66, 56, 63, 88,  0,  3,  4,  5,  6, 93, 13, 20, 21, 22])
Indices prune tensor([49])
Remaining indices tensor([70, 18, 42, 24, 57,  8, 97, 28, 47, 79, 81, 90, 14, 17, 30, 44, 11,  9,
        96, 91, 29, 51, 16, 77, 33, 15, 48, 52, 12, 39, 53, 26, 36, 32, 95, 64,
        76, 55, 54, 89, 99,  7, 80, 59, 68, 37, 94, 58, 92, 85,  2, 61, 65, 40,
        10, 60,  1, 62, 71, 83, 46, 19, 98, 23])
property no 462
Initial sparsity 64
Optimal Sparsity 52
zero indices tensor([57, 28, 32, 35, 36, 37, 40, 42, 43, 47, 48, 50, 54, 55,  1, 63, 69, 70,
        71, 74, 82, 83, 84, 87, 90, 92, 93, 97, 13, 11,  8,  2, 25,  7,  6,  5])
Indices prune tensor([23, 12, 94, 78, 49, 18,  9, 39,  0, 31, 19, 75])
Remaining indices tensor([59,  4, 99, 22, 14, 67, 44,  3, 73, 76, 86, 79, 58, 20, 51, 52, 62, 85,
        56, 60, 65, 66, 41, 72, 64, 53, 15, 29, 17, 38, 21, 98, 80, 46, 89, 26,
        30, 96, 33, 34, 95, 91, 45, 88, 10, 61, 68, 24, 16, 77, 81, 27])
property no 469
Initial sparsity 76
Optimal Sparsity 22
zero indices tensor([66, 19, 27, 30, 32, 49, 51, 52, 53, 59, 50, 68, 69, 70, 74, 86, 90, 93,
        99, 18, 10,  6,  5, 17])
Indices prune tensor([39, 83, 31, 58, 54, 12, 45,  4, 65, 14, 41, 22, 13, 26, 85, 92,  8, 21,
        95, 82, 20, 71, 97, 63, 77, 38, 60, 23, 11, 42, 25, 15, 55, 81,  3, 16,
        24,  2, 72, 91, 78, 84, 43, 98, 94, 88, 46, 35, 76, 75, 56, 44,  9, 48])
Remaining indices tensor([89,  1, 87, 62, 61,  7, 73, 36, 29, 79, 67, 64, 96, 80, 33,  0, 28, 47,
        37, 57, 40, 34])
property no 471
Initial sparsity 72
Optimal Sparsity 68
zero indices tensor([66, 27, 29, 30, 32, 39, 44, 47, 53, 60, 64, 65, 50, 67, 69, 74, 79, 80,
        82, 87, 94, 97, 99,  5,  6, 16, 15, 11])
Indices prune tensor([84, 95, 40, 92])
Remaining indices tensor([51, 33, 85, 58,  9, 86, 46, 70, 63, 18, 41, 22, 23, 91, 13, 71, 75, 20,
        45, 36, 34, 72, 93, 83, 88, 81,  1, 54, 76,  4, 35, 10, 56, 28, 25, 52,
        26, 68, 61, 55, 37, 42, 21, 49, 96, 31,  0,  8, 12, 73,  3, 78, 59, 19,
        77, 57,  2, 98, 43, 17, 14, 89,  7, 48, 90, 38, 24, 62])
property no 472
Initial sparsity 65
Optimal Sparsity 7
zero indices tensor([48, 20, 69, 61, 25, 59, 58, 54, 51, 49, 63, 34, 35, 36, 37, 38, 39, 40,
        41, 43, 80,  5,  6,  7, 91, 90, 92, 10, 11, 78, 14, 97, 75, 98, 71])
Indices prune tensor([79, 86, 13, 57, 84, 47, 56, 65, 88, 96, 33, 21,  9, 68,  2, 22, 77,  0,
        30, 42, 18, 29, 53, 81, 62, 24,  1, 83, 72, 19, 46, 45, 17, 85, 15, 99,
         8, 67, 64, 32, 55, 27, 70, 60, 93, 28, 89, 82, 95, 50, 52, 73, 87, 23,
        76, 66, 31, 94])
Remaining indices tensor([12,  4, 26, 44,  3, 74, 16])
property no 473
Initial sparsity 74
Optimal Sparsity 74
zero indices tensor([73, 83, 21, 80, 79, 29, 30, 75, 32,  1, 37, 38, 71, 40, 69, 63, 53, 55,
         3,  8, 97,  5,  6,  7, 11, 94])
Indices prune tensor([], dtype=torch.int64)
Remaining indices tensor([17, 18, 34, 39, 42, 59, 47, 57, 28,  9, 65, 10, 92, 44, 61, 19, 25, 76,
        16, 70, 43, 58, 98, 51, 24, 20, 36, 56, 86, 78, 13, 41, 62, 68, 33, 15,
        81, 60, 35, 77, 74, 72,  0, 90, 22, 96, 88, 67, 49, 82, 89, 87, 95, 91,
        14,  4, 54, 31, 84, 12, 26, 52, 46, 64, 27, 99, 50, 45, 23, 93, 85,  2,
        66, 48])
property no 475
Initial sparsity 72
Optimal Sparsity 53
zero indices tensor([60, 27, 28, 30, 32, 35, 36, 45, 46, 47, 50, 54,  1, 67, 69, 74, 79, 81,
        82, 87, 90, 93, 95, 97,  8,  6, 21,  5])
Indices prune tensor([49,  9, 84, 10,  2, 44, 80, 59, 48, 37, 72, 38, 99, 73, 52, 18, 12, 62,
        20])
Remaining indices tensor([63, 34, 89, 51, 76, 86, 53, 13, 94,  0, 98, 85, 24, 23, 96, 16, 83, 91,
        57, 25, 26, 31, 22, 41, 92, 66, 61, 19, 55, 75, 42, 17, 88, 77, 68, 70,
         3, 15,  7, 39, 40, 29, 14, 43,  4, 64, 71, 33, 11, 58, 65, 56, 78])
property no 481
Initial sparsity 77
Optimal Sparsity 68
zero indices tensor([ 0, 43, 33, 48, 49, 53, 27, 62, 25, 24, 68, 69, 73, 74, 79, 82, 13, 12,
        85, 86, 99,  5,  6])
Indices prune tensor([93, 14, 67,  4, 40, 19, 38, 31, 98])
Remaining indices tensor([32, 20,  2, 29, 76, 91, 18, 95, 30, 88, 16, 72, 78, 34, 35, 81, 66, 47,
        11, 15, 90, 75, 46, 70,  9, 59, 56, 28, 41, 23, 55, 21, 83, 54, 22, 64,
        10, 63, 60, 65, 61, 26, 92, 96, 71, 37, 58, 57, 89, 80, 97, 36, 45,  8,
         1,  7,  3, 94, 42, 84, 39, 51, 52, 87, 77, 44, 17, 50])
property no 482
Initial sparsity 73
Optimal Sparsity 1
zero indices tensor([78, 32, 59, 58, 60, 55, 69, 54, 25, 36, 23, 39, 50, 20, 45, 18,  3, 81,
        84,  5, 88, 11, 90, 91, 44,  7,  6])
Indices prune tensor([82, 75, 40, 99, 22, 67, 34, 19, 38, 72, 12, 16, 83, 68,  1, 61, 52, 43,
        21, 10, 24, 13, 31, 30, 85, 97, 35, 71, 70, 37, 93, 73, 28,  9, 65, 98,
        27, 51, 17, 57, 94, 14, 63, 92, 64, 89, 79, 87, 42, 56, 48, 33,  0, 26,
        86, 74, 41, 49, 77, 96, 46, 47, 62, 95,  4, 80, 29, 76, 15, 53,  8,  2])
Remaining indices tensor([66])
property no 484
Initial sparsity 64
Optimal Sparsity 63
zero indices tensor([32, 21, 22, 23, 24, 69, 65, 28, 62, 60, 31,  1, 33, 57, 36, 37, 56, 55,
        40, 53, 47, 71,  2,  3,  0,  5,  6, 97, 93, 91, 83, 82, 13, 81, 18, 20])
Indices prune tensor([44])
Remaining indices tensor([50, 15, 42, 12, 41, 67, 72, 92, 25, 39, 99, 19, 66, 26, 87, 79,  9, 14,
        74, 85, 73, 11, 27, 77, 16, 70,  8, 75, 46,  7, 10, 51, 84, 94, 96, 90,
        98, 89, 58, 95, 45, 76, 68, 49,  4, 88, 17, 38, 30, 52, 43, 61, 35, 63,
        64, 48, 78, 54, 80, 34, 29, 86, 59])
property no 486
Initial sparsity 68
Optimal Sparsity 62
zero indices tensor([32, 84, 19, 53, 82, 49, 29, 68, 47, 64, 79, 77, 37, 74, 69, 72, 42, 70,
        16, 60,  4,  5,  6,  7, 58,  9, 93, 11, 57, 13, 88, 55])
Indices prune tensor([71, 61, 17, 44, 73, 45])
Remaining indices tensor([94, 96, 21, 26, 87, 20,  0, 50, 62, 75, 39, 56, 83, 66, 63, 86, 33, 51,
        14, 36, 27, 12, 10, 59, 18, 80, 67, 25, 90, 98, 46, 76, 31,  2, 65, 95,
        92, 52, 38, 81, 23, 22,  1, 34, 28, 41, 35, 99, 91, 54,  3, 43, 85, 30,
        40, 78,  8, 89, 15, 24, 48, 97])
property no 489
Initial sparsity 63
Optimal Sparsity 9
zero indices tensor([80, 78, 21,  0, 23, 46, 25, 92, 45, 44, 93, 30, 90, 81, 34, 35, 40, 39,
        38, 63, 65, 69, 98, 97,  5,  6, 96,  8, 10, 11, 94, 60, 56, 77, 16, 17,
        18])
Indices prune tensor([26, 42, 74,  1, 53, 72, 12, 62, 66, 79, 51, 14, 91, 71, 31, 99, 57, 15,
        54, 88, 52, 55, 67, 36, 61, 41,  3, 29, 28, 70, 89, 82, 64, 95, 75, 32,
        48,  7, 73, 22,  9, 84, 20, 50, 24, 47, 49, 76, 13, 33,  4, 19, 27, 43])
Remaining indices tensor([86, 85, 58,  2, 87, 37, 68, 59, 83])
property no 490
Initial sparsity 68
Optimal Sparsity 46
zero indices tensor([42, 91, 24, 25, 26, 27, 88, 29, 32, 36, 38, 31, 44, 46, 48, 78, 75, 74,
        73, 69, 59, 63, 21, 20, 19,  7, 17, 16,  6,  3,  5, 13])
Indices prune tensor([70, 60,  9, 62, 99, 12, 94, 40, 96, 61, 71, 47, 79, 56, 23, 93, 22, 55,
        68, 14, 76, 85])
Remaining indices tensor([90, 30, 95, 86, 64, 10, 11, 58, 54, 82, 67, 50, 97, 87, 35, 89, 49, 53,
        37, 41, 65, 28, 33, 43, 98, 66, 57,  1,  0, 83, 52, 34,  4, 72, 92, 81,
         2, 51, 39, 18, 77, 84,  8, 15, 45, 80])
property no 493
Initial sparsity 60
Optimal Sparsity 57
zero indices tensor([85, 27, 91, 31, 34, 36, 37, 88, 41, 44, 87, 48, 86, 38, 82, 57, 59, 78,
        63, 66, 67, 69, 70, 73, 75,  0, 16,  4,  5, 19, 20, 94, 21, 13, 25, 92,
        98, 12,  6,  7])
Indices prune tensor([80, 54, 51])
Remaining indices tensor([15, 95, 42, 90, 22, 33, 23, 61, 24, 68, 28, 46, 35, 99,  2, 84, 14, 40,
        76,  9, 17, 93, 62, 58, 60, 47, 32, 18, 45, 55, 49, 71, 65, 89,  8, 53,
        79, 26,  1, 56, 72, 43, 81,  3, 30, 11, 39, 10, 83, 50, 77, 52, 96, 64,
        74, 29, 97])
property no 495
Initial sparsity 63
Optimal Sparsity 46
zero indices tensor([59, 29, 30, 32, 35, 36, 38, 47, 50, 51, 54, 55, 57, 58,  1, 60, 64, 65,
        69, 71, 74, 75, 76, 77, 81, 88, 97, 17,  4,  5,  6,  7,  9, 23, 11, 15,
        14])
Indices prune tensor([10, 91, 53, 63, 33, 49, 16, 61,  3, 31, 66, 24, 99,  0, 20,  2, 67])
Remaining indices tensor([19, 79, 13, 78, 98, 62, 52, 86, 43, 83, 34, 85, 56, 45, 94, 25, 48, 92,
        39, 46, 12, 18, 84, 37, 28, 70, 82, 26, 44, 41, 21, 22, 87, 27, 68, 40,
        89, 96, 95, 42, 90,  8, 72, 80, 73, 93])
property no 499
Initial sparsity 59
Optimal Sparsity 20
zero indices tensor([64, 30, 32, 35, 36, 39, 40, 41, 42, 45, 49, 50, 54, 56, 60,  1, 65, 69,
        72, 73, 74, 78, 90, 91, 92, 93, 94, 96, 97, 24, 18, 17, 20, 15, 14, 11,
        26,  6, 27,  5,  0])
Indices prune tensor([13, 89, 87, 43, 16, 58, 23, 12, 76, 10, 52, 33, 31, 85, 86, 70, 61, 57,
        80, 83, 46, 22, 37,  7,  9, 95, 99, 63, 67, 47, 62, 51, 34, 79, 81, 77,
        29, 68, 19])
Remaining indices tensor([48, 53, 28, 66, 82, 38, 84, 21, 25, 44, 71, 88, 75, 59,  3, 55,  4,  8,
        98,  2])
